1 -42.6260389 0.337 0.599 1.000 -30.567 -34.7862 0.565111 0.599 1
2 -44.7700988 0.367 0.248 1.000 -33.2697 -41.7178 0.951712 0.248 1
3 -40.801647 0.330 0.294 1.000 -31.9617 -31.6592 1.56853 0.294 1
4 -53.7417618 0.295 0.263 1.000 -32.4912 -44.9979 0.664182 0.263 1
5 -50.2093182 0.364 0.342 0.944 -33.2729 -33.9356 0.586018 0.342 1
6 -49.321693 0.282 0.208 1.000 -30.9132 -46.2952 1.08207 0.208 1
7 -41.3116826 0.376 0.348 1.000 -34.012 -34.9625 0.595844 0.348 1
8 -51.377033 0.302 0.351 1.000 -32.7951 -49.3992 1.21057 0.351 1
9 -41.692878 0.312 0.252 1.000 -31.8615 -45.885 1.55536 0.252 1
10 -36.084914 0.277 0.405 0.944 -32.8052 -35.3817 0.69116 0.405 1
11 -35.3055977 0.331 0.511 1.000 -30.5878 -37.5158 0.624223 0.511 1
12 -58.27507 0.000 0.000 1.000 -32.649 -39.3005 1.1203 0.000 1
13 -54.9255285 0.235 0.368 1.000 -31.5371 -48.3837 0.661115 0.368 1
14 -43.8545887 0.327 0.309 1.000 -31.4381 -45.663 0.915813 0.309 1
15 -45.3489874 0.285 0.312 1.000 -31.5011 -42.5827 0.591426 0.312 1
16 -45.713231 0.297 0.369 1.000 -32.2052 -49.6814 2.16629 0.369 1
17 -48.8610454 0.283 0.263 1.000 -31.3124 -49.0521 0.415846 0.263 1
18 -47.5543354 0.338 0.590 1.000 -31.7056 -40.1096 0.753046 0.590 1
19 -42.0103106 0.322 0.327 0.944 -33.9849 -28.3986 0.796894 0.327 1
20 -50.568035 0.223 0.326 1.000 -31.4647 -50.1846 1.17865 0.326 1
