1 -60.97658 0.336 0.298 1.000 -27.3498 -126.92 0 0.298 1
2 -63.74858 0.297 0.332 1.000 -26.9683 -139.359 0 0.332 1
3 -57.85923 0.396 0.254 1.000 -28.4368 -122.302 0 0.254 1
4 -56.04236 0.368 0.453 1.000 -25.1228 -132.717 0 0.453 1
5 -55.07791 0.400 0.356 1.000 -26.8726 -114.624 0 0.356 1
6 -50.76721 0.352 0.438 1.000 -25.24 -133.157 0 0.438 1
7 -60.98615 0.256 0.359 1.000 -31.3694 -115.726 0 0.359 1
8 -61.2531 0.325 0.499 1.000 -25.8629 -121.64 0 0.499 1
9 -57.15451 0.416 0.620 1.000 -24.7134 -127.201 0 0.620 1
10 -62.4943 0.265 0.140 1.000 -25.9162 -131.859 0 0.140 1
11 -57.50052 0.328 0.338 1.000 -25.0173 -123.984 0 0.338 1
12 -66.2448 0.319 0.436 1.000 -27.2023 -125.162 0 0.436 1
13 -66.4105 0.414 0.240 1.000 -26.0965 -124.604 0 0.240 1
14 -65.3737 0.371 0.345 1.000 -25.0888 -116.132 0 0.345 1
15 -60.02084 0.259 0.226 1.000 -25.909 -128.813 0 0.226 1
16 -66.988 0.358 0.534 1.000 -27.1279 -125.79 0 0.534 1
17 -60.56076 0.336 0.319 1.000 -28.9069 -131.567 0 0.319 1
18 -63.8287 0.279 0.383 1.000 -27.3935 -125.847 0 0.383 1
19 -78.6366 0.000 0.000 1.000 -26.8963 -131.538 0 0.000 1
20 -54.49044 0.358 0.421 1.000 -25.8922 -126.847 0 0.421 1
