1 -59.0267457 0.400 0.404 1.000 -25.4039 -109.935 0.250543 0.404 1
2 -35.388151 0.405 0.856 0.905 -27.3191 -75.2073 0.29999 0.856 1
3 -46.0807181 0.433 0.598 0.905 -27.9589 -50.0622 0.690519 0.598 1
4 -47.721494 0.357 0.301 0.952 -29.4483 -103.913 1.55316 0.301 1
5 -63.9708127 0.399 0.263 0.952 -28.6714 -91.4037 0.500273 0.263 1
6 -67.6359477 0.000 0.000 1.000 -28.9876 -99.0272 0.772923 0.000 1
7 -57.5713257 0.324 0.164 0.952 -29.5281 -92.7535 0.639143 0.164 1
8 -44.6853665 0.355 0.266 0.952 -28.7877 -87.8315 0.578735 0.266 1
9 -57.390068 0.387 0.131 1.000 -30 -109.734 1.32852 0.131 1
10 -57.435237 0.347 0.229 1.000 -28.6186 -108.097 1.04403 0.229 1
11 -47.5847827 0.373 0.711 0.905 -30.1633 -77.8613 0.483573 0.711 1
12 -57.531364 0.379 0.321 1.000 -26.0405 -96.0955 1.07136 0.321 1
13 -62.664713 0.418 0.526 0.857 -29.1095 -105.223 0.93787 0.526 1
14 -61.5046143 0.373 0.250 1.000 -28.2101 -100.811 0.732857 0.250 1
15 -51.369256 0.352 0.240 1.000 -28.2937 -95.9681 1.46074 0.240 1
16 -55.7582069 0.361 0.429 1.000 -25.1699 -109.863 0.927831 0.429 1
17 -49.9953357 0.450 0.872 0.905 -25.6856 -97.8622 0.828743 0.872 1
18 -50.0741227 0.400 0.630 1.000 -30.4219 -79.4544 0.582573 0.630 1
19 -52.6740005 0.385 0.251 0.952 -28.3107 -89.4496 0.681795 0.251 1
20 -47.703793 0.342 0.124 1.000 -26.4055 -82.1844 1.02327 0.124 1
