1 -38.8784946 0.349 0.138 1.000 -42.4071 -46.2549 0.536854 0.138 1
2 -56.620340593 0.375 0.531 0.947 -42.8171 -37.2656 4.869407E-02 0.531 1
3 -51.4088149 0.306 0.338 1.000 -41.3765 -53.1362 0.349991 0.338 1
4 -51.1935537 0.341 0.191 1.000 -39.8077 -50.8891 0.166163 0.191 1
5 -54.1165863 0.391 0.267 0.947 -40.5233 -46.9553 0.217737 0.267 1
6 -46.2037998 0.362 0.438 0.947 -43.1338 -40.2007 0.250802 0.438 1
7 -57.1789726 0.356 0.363 0.947 -42.578 -45.7331 0.156174 0.363 1
8 -54.0037449 0.299 0.290 0.947 -42.5316 -39.4172 0.590751 0.290 1
9 -52.496323949 0.339 0.233 1.000 -41.8665 -48.1526 1.996051E-02 0.233 1
10 -52.2061087 0.359 0.434 0.947 -43.2752 -41.592 0.188383 0.434 1
11 -50.4700973 0.366 0.316 1.000 -42.6581 -48.7624 0.805727 0.316 1
12 -58.3722824 0.379 0.332 1.000 -40.9347 -50.7207 0.781176 0.332 1
13 -48.4207418 0.352 0.278 0.947 -42.9565 -37.816 0.222382 0.278 1
14 -48.393378 0.312 0.318 0.947 -40.4051 -53.9188 0.19692 0.318 1
15 -51.0948981 0.364 0.406 0.947 -42.4978 -47.8254 0.124789 0.406 1
16 -51.216997353 0.336 0.301 0.947 -42.8148 -49.8677 3.092647E-02 0.301 1
17 -59.0957315 0.000 0.000 1.000 -41.9177 -43.1204 0.356485 0.000 1
18 -48.606702 0.347 0.302 0.947 -41.0615 -47.2696 0.72268 0.302 1
19 -50.0925274 0.362 0.338 0.947 -41.5635 -51.1639 0.469826 0.338 1
20 -48.7300028 0.417 0.363 1.000 -41.1114 -45.6088 0.289872 0.363 1
