1 -77.89484 0.334 0.301 0.944 -28.4274 -15.8447 0 0.301 1
2 -81.7423 0.323 0.437 0.944 -24.3963 -18.2605 0 0.437 1
3 -97.66304 0.000 0.000 1.000 -29.5736 -37.8342 0 0.000 1
4 -91.53052 0.324 0.316 0.944 -27.9944 -18.2316 0 0.316 1
5 -83.6285 0.351 0.364 0.944 -29.1597 -21.2075 0 0.364 1
6 -89.96684 0.344 0.233 0.944 -28.7229 -21.3252 0 0.233 1
7 -91.24104 0.411 0.489 0.889 -30.9889 -20.5887 0 0.489 1
8 -83.47778 0.395 0.376 0.889 -24.9365 -10.8769 0 0.376 1
9 -87.901 0.325 0.404 0.889 -26.2074 -19.679 0 0.404 1
10 -95.9604 0.386 0.429 1.000 -28.6535 -45.094 0 0.429 1
11 -81.30444 0.338 0.367 0.944 -28.6234 -38.1127 0 0.367 1
12 -89.37034 0.397 0.367 0.944 -27.3624 -33.4257 0 0.367 1
13 -85.79686 0.341 0.354 0.944 -29.8008 -31.6533 0 0.354 1
14 -89.31392 0.384 0.456 0.944 -28.1224 -34.6251 0 0.456 1
15 -88.9196 0.348 0.484 0.889 -25.636 -19.692 0 0.484 1
16 -85.20036 0.340 0.517 0.889 -28.4873 -18.1843 0 0.517 1
17 -79.384546 0.365 0.503 0.889 -26.9945 -6.45023 0 0.503 1
18 -88.3084 0.370 0.512 0.944 -28.7329 -24.87 0 0.512 1
19 -79.37098 0.372 0.450 0.944 -26.6365 -18.3434 0 0.450 1
20 -75.2782 0.368 0.625 0.778 -24.6627 -27.887 0 0.625 1
