1 -55.495172717 0.371 nan 0.950 -29.5563 -73.1465 9.527283E-02 nan 1
2 -48.6570723409 0.340 nan 1.000 -27.2923 -59.3647 6.176591E-03 nan 1
3 -42.0501918 0.347 nan 0.900 -28.0768 -47.7813 0.415182 nan 1
4 -55.181329029 0.355 nan 0.900 -27.757 -83.6302 1.110971E-02 nan 1
5 -71.4013121 0.000 nan 1.000 -29.1802 -111.854 0.561879 nan 1
6 -54.6409562 0.341 nan 0.850 -25.9089 -57.0105 0.252438 nan 1
7 -55.7433263 0.367 nan 0.850 -28.1757 -64.771 0.193737 nan 1
8 -59.9080551 0.348 nan 0.900 -28.852 -68.7579 0.534249 nan 1
9 -59.8274658 0.358 nan 0.900 -29.9847 -83.8516 0.116542 nan 1
10 -71.089870558 0.358 nan 1.000 -29.1239 -81.9532 6.169442E-02 nan 1
11 -65.3995898 0.379 nan 0.950 -27.8477 -128.905 0.370102 nan 1
12 -59.4117403 0.322 nan 0.950 -27.4596 -53.4916 0.193797 nan 1
13 -56.9193201 0.373 nan 0.900 -26.8406 -59.9365 0.204799 nan 1
14 -68.8036134 0.340 nan 0.950 -27.7838 -100.33 0.294866 nan 1
15 -57.1928454 0.397 nan 0.900 -27.723 -64.1128 0.158146 nan 1
16 -42.6473695 0.390 nan 0.950 -26.0551 -51.4975 0.305405 nan 1
17 -61.5922347 0.356 nan 0.950 -29.1002 -54.2214 0.366453 nan 1
18 -41.1541344 0.342 nan 0.800 -27.9802 -50.7373 0.325956 nan 1
19 -44.0744781 0.330 nan 0.900 -26.8453 -51.3822 0.275619 nan 1
20 -66.7071164 0.364 nan 0.900 -29.2992 -100.394 0.418836 nan 1
