1 -56.99826 0.340 0.412 0.963 -48.5938 -68.2135 0 0.412 1
2 -48.09845 0.375 0.464 0.963 -46.0795 -54.2632 0 0.464 1
3 -57.06748 0.321 0.318 1.000 -47.0405 -65.5811 0 0.318 1
4 -56.073505 0.352 0.231 0.963 -45.4432 -54.7752 0 0.231 1
5 -55.97010282 0.344 0.279 0.963 -42.741 -65.9198 0 0.279 1
6 -52.75318 0.346 0.240 0.963 -49.9148 -49.9107 0 0.240 1
7 -64.70301 0.396 0.533 0.926 -44.5058 -67.0839 0 0.533 1
8 -63.44854 0.291 0.266 1.000 -49.0766 -63.7064 0 0.266 1
9 -71.75929 0.000 0.000 1.000 -47.7951 -70.0888 0 0.000 1
10 -58.17828 0.332 0.469 0.963 -45.9501 -70.1736 0 0.469 1
11 -50.69498 0.298 0.307 1.000 -47.5096 -66.1344 0 0.307 1
12 -64.25662 0.274 0.312 0.963 -47.4834 -62.6465 0 0.312 1
13 -62.386801 0.319 0.226 0.963 -49.3908 -62.8489 0 0.226 1
14 -51.62695 0.299 0.235 0.963 -45.5731 -60.3495 0 0.235 1
15 -40.79544 0.298 0.339 0.963 -47.8198 -65.0162 0 0.339 1
16 -62.29372 0.287 0.430 0.926 -48.0007 -60.6921 0 0.430 1
17 -70.9759 0.272 0.277 0.963 -47.7423 -78.5468 0 0.277 1
18 -62.092539 0.372 0.462 0.963 -49.2993 -60.3438 0 0.462 1
19 -60.561652 0.307 0.276 0.963 -48.4049 -64.8213 0 0.276 1
20 -60.70151 0.327 0.338 1.000 -45.2638 -67.838 0 0.338 1
