1 -87.864 0.265 0.318 1.000 -36.5383 -357.257 0 0.318 1
2 -86.3572 0.284 0.212 1.000 -39.157 -358.407 0 0.212 1
3 -95.495 0.272 0.289 1.000 -36.2658 -359.323 0 0.289 1
4 -84.7258 0.283 0.264 1.000 -36.3275 -370.126 0 0.264 1
5 -100.43827 0.000 0.000 1.000 -38.133 -360.635 0 0.000 1
6 -90.6033 0.242 0.347 1.000 -37.9863 -371.037 0 0.347 1
7 -86.9178 0.276 0.316 1.000 -33.9483 -352.023 0 0.316 1
8 -95.5634 0.296 0.288 1.000 -34.8118 -371.113 0 0.288 1
9 -78.8092 0.300 0.357 1.000 -36.3426 -371.736 0 0.357 1
10 -83.2456 0.274 0.206 1.000 -41.1224 -356.124 0 0.206 1
11 -82.8114 0.295 0.342 1.000 -38.068 -352.771 0 0.342 1
12 -89.8533 0.318 0.327 1.000 -36.0886 -362.697 0 0.327 1
13 -89.6134 0.290 0.245 1.000 -33.8019 -373.095 0 0.245 1
14 -90.8653 0.311 0.357 1.000 -38.0636 -359.311 0 0.357 1
15 -96.69 0.272 0.235 1.000 -34.8015 -364.139 0 0.235 1
16 -91.6545 0.303 0.419 1.000 -35.0362 -358.195 0 0.419 1
17 -96.7159 0.314 0.303 1.000 -37.7805 -362.65 0 0.303 1
18 -87.3035 0.294 0.369 1.000 -36.4975 -339.853 0 0.369 1
19 -78.3747 0.270 0.291 1.000 -36.8057 -352.675 0 0.291 1
20 -95.3366 0.349 0.274 1.000 -35.4523 -353.588 0 0.274 1
