1 -51.7755898 0.378 nan 0.727 -27.4036 -111.68 0.341102 nan 1
2 -52.4578651 0.314 nan 0.909 -30.9426 -110.944 0.163779 nan 1
3 -44.749230115 0.362 nan 0.818 -26.9027 -126.253 1.439885E-02 nan 1
4 -49.4947518 0.344 nan 0.909 -32.1124 -55.7551 0.415482 nan 1
5 -55.3696625 0.332 nan 0.955 -31.7518 -91.2061 0.347475 nan 1
6 -40.4996208 0.347 nan 0.818 -25.8239 -103.638 0.115992 nan 1
7 -55.7173797 0.280 nan 0.864 -27.1909 -129.785 0.285003 nan 1
8 -64.9482932 0.000 nan 1.000 -32.209 -124.117 0.468168 nan 1
9 -60.4063447 0.364 nan 0.955 -33.5369 -123.364 0.221153 nan 1
10 -54.4040899 0.311 nan 0.909 -33.1248 -92.1026 0.146801 nan 1
11 -59.4970888 0.350 nan 0.909 -29.7137 -137.444 0.173812 nan 1
12 -60.2872541 0.322 nan 0.955 -33.0227 -126.984 0.116359 nan 1
13 -41.7759731 0.336 nan 0.909 -27.3511 -75.3951 0.288999 nan 1
14 -52.5537284 0.321 nan 0.818 -24.3394 -113.477 0.462716 nan 1
15 -54.4216901 0.332 nan 0.864 -30.5241 -99.1313 0.141099 nan 1
16 -51.0531796 0.288 nan 0.909 -31.804 -98.1434 0.387734 nan 1
17 -53.4757458 0.366 nan 0.909 -29.6917 -96.9895 0.408042 nan 1
18 -53.2514622 0.309 nan 0.909 -31.7176 -97.7811 0.364978 nan 1
19 -51.5244655 0.308 nan 0.909 -27.0858 -112.963 0.126445 nan 1
20 -51.713022552 0.332 nan 0.909 -29.598 -135.374 5.997448E-02 nan 1
