1 -30.720042 0.331 0.211 0.950 -34.0963 -4.25771 1.1606 0.211 1
2 -34.2314903 0.312 0.247 1.000 -33.4417 -9.07477 0.633137 0.247 1
3 -35.38468459 0.283 0.248 1.000 -33.0129 -11.8878 0.520259 0.248 1
4 -34.9158727 0.263 0.268 1.000 -33.372 -13.4226 0.959773 0.268 1
5 -30.2835852 0.321 0.399 0.950 -34.1509 -4.621 0.968248 0.399 1
6 -33.4881971 0.345 0.318 1.000 -32.0542 -9.56251 0.737929 0.318 1
7 -26.740661 0.250 0.132 1.000 -34.7395 -6.89388 1.47125 0.132 1
8 -26.0470579 0.297 0.398 0.950 -34.3279 -7.42511 0.674941 0.398 1
9 -31.399326 0.286 0.287 1.000 -32.3116 -10.833 1.25584 0.287 1
10 -33.501257 0.339 0.269 0.950 -35.6538 -7.04766 1.26035 0.269 1
11 -33.230897 0.243 0.122 1.000 -33.2632 -3.41268 1.482 0.122 1
12 -27.3155799 0.282 0.172 0.950 -34.1517 -10.5509 0.486801 0.172 1
13 -35.361472 0.252 0.217 1.000 -33.4238 -6.62759 0.90684 0.217 1
14 -30.152072 0.276 0.189 1.000 -33.7447 -10.3194 1.04438 0.189 1
15 -28.954552 0.343 0.276 0.950 -32.2621 -12.0361 1.02928 0.276 1
16 -29.3736211 0.369 0.219 1.000 -32.5479 -6.72229 0.791269 0.219 1
17 -35.8165598 0.306 0.273 1.000 -32.3015 -13.368 0.702482 0.273 1
18 -31.9150145 0.336 0.332 1.000 -33.9461 -5.82833 0.785215 0.332 1
19 -23.348204 0.313 0.209 0.950 -32.9115 -9.45445 1.15786 0.209 1
20 -39.660605 0.000 0.000 1.000 -34.9365 -11.3764 1.21045 0.000 1
