1 -66.35156 0.291 0.290 0.952 -28.9006 -18.1968 0 0.290 1
2 -75.998996 0.308 0.101 0.952 -32.3236 -8.20098 0 0.101 1
3 -70.340894 0.343 0.354 0.905 -32.0791 -4.08297 0 0.354 1
4 -77.002534 0.283 0.228 1.000 -31.7975 -6.73567 0 0.228 1
5 -65.329888 0.323 0.306 0.952 -33.3031 -4.02444 0 0.306 1
6 -74.904078 0.283 0.191 1.000 -32.5312 -6.92189 0 0.191 1
7 -67.800352 0.291 0.164 0.952 -31.5943 -9.40476 0 0.164 1
8 -68.589614 0.331 0.354 1.000 -29.3979 -7.10607 0 0.354 1
9 -67.703416 0.377 0.242 1.000 -31.8718 -3.77658 0 0.242 1
10 -73.3367 0.345 0.340 1.000 -31.7282 -11.5555 0 0.340 1
11 -70.682978 0.331 0.186 1.000 -31.2006 -9.24089 0 0.186 1
12 -73.33269 0.307 0.222 1.000 -31.4348 -6.39645 0 0.222 1
13 -68.01614 0.383 0.278 1.000 -33.0807 -11.2157 0 0.278 1
14 -75.617626 0.302 0.388 0.952 -32.3064 -8.72163 0 0.388 1
15 -69.07551 0.364 0.407 0.952 -34.0212 -5.61855 0 0.407 1
16 -68.00446 0.327 0.422 1.000 -33.1844 -12.0473 0 0.422 1
17 -72.99276 0.394 0.177 1.000 -31.7296 -10.6763 0 0.177 1
18 -78.696642 0.000 0.000 1.000 -32.1104 -6.97421 0 0.000 1
19 -67.772132 0.323 0.221 1.000 -32.3622 -6.57466 0 0.221 1
20 -69.835518 0.414 0.280 1.000 -31.4409 -7.79659 0 0.280 1
