1 -26.4714026 0.252 0.501 0.900 -31.2546 -28.6368 0.681574 0.501 1
2 -47.63024093 0.319 0.471 0.900 -32.3388 -30.152 7.94907E-02 0.471 1
3 -34.4279794 0.349 0.466 1.000 -30.144 -20.0773 0.331536 0.466 1
4 -40.3220162 0.292 0.456 1.000 -29.4083 -28.6229 0.121938 0.456 1
5 -35.6524793 0.267 0.288 1.000 -31.0417 -26.9033 0.430787 0.288 1
6 -33.9534031 0.309 0.424 0.850 -31.2547 -29.4194 0.319469 0.424 1
7 -42.5368915774 0.269 0.331 0.900 -30.4443 -32.3302 3.084226E-03 0.331 1
8 -52.979891 0.000 0.000 1.000 -32.626 -28.0382 0.40849 0.000 1
9 -32.269218 0.341 0.520 0.950 -31.2089 -22.2132 0.28382 0.520 1
10 -40.5477618 0.293 0.371 1.000 -31.0901 -27.352 0.197882 0.371 1
11 -29.8411677 0.300 0.546 0.950 -30.9641 -22.1638 0.107223 0.546 1
12 -22.8479002 0.313 0.415 0.950 -31.7241 -24.1718 0.411598 0.415 1
13 -33.092830054 0.324 0.368 0.900 -31.3465 -26.2452 8.259946E-02 0.368 1
14 -29.504871273 0.346 0.288 0.950 -31.4149 -26.9955 1.448727E-02 0.288 1
15 -35.4275238 0.280 0.374 0.950 -32.5944 -24.3914 0.338462 0.374 1
16 -44.2710916 0.292 0.458 0.850 -30.8635 -28.3515 0.181684 0.458 1
17 -42.504310994 0.260 0.392 0.950 -30.4715 -29.0857 1.379006E-02 0.392 1
18 -29.545988 0.282 0.340 0.950 -29.6729 -25.7113 0.16902 0.340 1
19 -40.1588868 0.275 0.359 0.950 -30.312 -25.5047 0.501832 0.359 1
20 -32.8223139 0.316 0.423 1.000 -31.3561 -30.5345 0.191961 0.423 1
