1 -94.5895 0.280 0.266 0.933 -37.1849 -349.994 0 0.266 1
2 -110.33167 0.272 0.298 0.933 -38.1874 -346.734 0 0.298 1
3 -98.1572 0.347 0.262 0.933 -39.4218 -344.01 0 0.262 1
4 -99.86207 0.323 0.325 0.967 -39.0683 -333.392 0 0.325 1
5 -106.25996 0.323 0.382 0.967 -40.0376 -349.439 0 0.382 1
6 -113.61292 0.329 0.212 0.967 -37.72 -359.248 0 0.212 1
7 -101.55485 0.335 0.296 0.967 -40.1802 -333.508 0 0.296 1
8 -97.91467 0.351 0.269 0.967 -38.8119 -340.752 0 0.269 1
9 -126.71194 0.000 0.000 1.000 -40.9348 -407.749 0 0.000 1
10 -109.15447 0.332 0.240 0.967 -41.6507 -355.244 0 0.240 1
11 -100.53069 0.366 0.347 0.900 -38.1742 -340.209 0 0.347 1
12 -110.32511 0.335 0.341 0.967 -37.5089 -342.922 0 0.341 1
13 -99.31007 0.297 0.291 0.933 -39.8526 -327.857 0 0.291 1
14 -97.26172 0.400 0.493 0.933 -38.155 -342.985 0 0.493 1
15 -117.28509 0.266 0.323 0.967 -37.803 -350.934 0 0.323 1
16 -99.52272 0.307 0.269 0.967 -37.7804 -357.003 0 0.269 1
17 -108.59487 0.323 0.227 0.967 -37.5261 -327.664 0 0.227 1
18 -101.19979 0.308 0.227 0.967 -37.5482 -339.319 0 0.227 1
19 -107.6042 0.286 0.247 0.967 -38.1544 -337.278 0 0.247 1
20 -99.86643 0.296 0.304 0.967 -39.5127 -342.73 0 0.304 1
