1 -56.66466 0.297 0.354 0.895 -31.7271 -20.7003 0 0.354 1
2 -55.6334 0.347 0.278 0.947 -33.7524 -24.0885 0 0.278 1
3 -53.26936 0.300 0.344 0.895 -32.425 -23.0778 0 0.344 1
4 -50.31286 0.326 0.264 0.895 -30.6465 -23.0278 0 0.264 1
5 -48.19664 0.282 0.270 0.947 -32.235 -24.8257 0 0.270 1
6 -48.12342 0.319 0.277 0.947 -32.0887 -22.8096 0 0.277 1
7 -47.92092 0.303 0.391 0.895 -31.9077 -21.8491 0 0.391 1
8 -42.31844 0.317 0.341 1.000 -30.2454 -21.9077 0 0.341 1
9 -64.32086 0.000 0.000 1.000 -33.3854 -30.9098 0 0.000 1
10 -50.05048 0.330 0.264 0.895 -32.3558 -20.2609 0 0.264 1
11 -50.5321 0.290 0.282 0.947 -32.6212 -25.445 0 0.282 1
12 -54.05716 0.263 0.212 0.947 -32.2291 -23.7758 0 0.212 1
13 -48.29504 0.342 0.340 0.895 -31.3783 -22.0027 0 0.340 1
14 -49.1752 0.244 0.181 0.947 -32.876 -25.0035 0 0.181 1
15 -43.14672 0.360 0.313 0.895 -31.7693 -16.3926 0 0.313 1
16 -45.43596 0.352 0.326 0.895 -31.3938 -24.2984 0 0.326 1
17 -41.60222 0.297 0.119 1.000 -31.2669 -27.0897 0 0.119 1
18 -40.65315 0.326 0.350 1.000 -29.6894 -28.2029 0 0.350 1
19 -40.75297 0.268 0.232 0.895 -33.3256 -20.6426 0 0.232 1
20 -31.59546 0.302 0.470 0.947 -32.3325 -22.1599 0 0.470 1
