1 -66.036565 0.352 0.476 0.960 -43.9537 -41.6599 0.74315 0.476 1
2 -76.6108505 0.316 0.190 0.920 -48.0093 -63.6706 0.104695 0.190 1
3 -73.833358 0.369 0.557 0.920 -47.7451 -63.6561 0.22962 0.557 1
4 -79.705707 0.349 0.582 0.960 -48.572 -49.0367 0.40433 0.582 1
5 -68.113639 0.385 0.732 1.000 -45.1743 -49.2847 0.33601 0.732 1
6 -74.6296091 0.366 1.104 0.880 -46.2933 -53.738 0.191909 1.104 1
7 -73.3981302 0.319 0.803 0.880 -44.7088 -60.5005 0.956698 0.803 1
8 -78.5259347413 0.340 0.421 1.000 -49.5201 -51.9795 5.652587E-03 0.421 1
9 -69.7780767 0.363 0.703 0.960 -47.0301 -48.2644 0.439033 0.703 1
10 -76.9750933 0.301 0.864 0.920 -46.2305 -54.5213 0.693667 0.864 1
11 -70.7711477 0.348 1.072 0.960 -43.6183 -43.8001 0.486723 1.072 1
12 -81.3633453 0.325 0.339 0.960 -46.4256 -57.1679 0.278347 0.339 1
13 -74.3083392 0.429 1.258 0.880 -42.6869 -35.5817 0.176008 1.258 1
14 -78.4775006 0.362 0.594 1.000 -47.2526 -60.7452 0.285394 0.594 1
15 -72.5523951 0.348 0.195 0.920 -45.6224 -56.3175 0.239049 0.195 1
16 -78.8402048 0.325 1.039 0.920 -45.7984 -58.7362 0.321352 1.039 1
17 -66.1876589 0.360 1.153 0.880 -42.7307 -51.4684 0.137211 1.153 1
18 -61.209908 0.365 0.807 0.920 -43.8705 -50.0076 0.52952 0.807 1
19 -57.8790131 0.338 1.125 0.880 -40.9284 -51.469 0.127969 1.125 1
20 -82.7618689 0.000 0.000 1.000 -49.2159 -56.1486 0.189511 0.000 1
