1 -59.3485845 0.301 0.277 0.900 -32.9089 -94.9979 0.105855 0.277 1
2 -53.2845968 0.325 0.512 0.800 -29.7643 -71.8263 0.385332 0.512 1
3 -61.361444 0.280 0.331 0.950 -32.6436 -157.134 0.18496 0.331 1
4 -47.707198 0.285 0.303 0.900 -31.7453 -109.184 0.11552 0.303 1
5 -77.9723757 0.000 0.000 1.000 -31.1683 -154.267 0.118243 0.000 1
6 -72.4444924 0.323 0.276 0.950 -30.99 -150.71 0.821076 0.276 1
7 -74.3736419 0.287 0.295 0.900 -29.2369 -169.069 0.626581 0.295 1
8 -46.9259461 0.364 0.355 0.900 -32.0974 -79.3203 0.300939 0.355 1
9 -65.111657836 0.329 0.741 0.800 -28.1699 -107.296 3.042164E-02 0.741 1
10 -61.025114401 0.301 0.354 1.000 -34.5803 -93.3419 5.715599E-02 0.354 1
11 -67.296967892 0.327 0.266 0.900 -30.2534 -148.619 6.822108E-02 0.266 1
12 -77.295421975 0.251 0.254 0.950 -33.2373 -158.768 1.478025E-02 0.254 1
13 -62.5200763 0.300 0.332 0.900 -33.6728 -96.9304 0.472437 0.332 1
14 -54.3054676 0.324 0.463 0.850 -31.5218 -82.5598 0.112824 0.463 1
15 -65.196696336 0.295 0.234 1.000 -30.383 -153.411 8.703664E-02 0.234 1
16 -66.192627437 0.317 0.336 0.900 -34.0572 -92.9622 6.312563E-02 0.336 1
17 -56.450003474 0.286 0.343 0.950 -30.1056 -153.679 8.686526E-02 0.343 1
18 -66.26965 0.348 0.232 0.950 -32.9611 -90.9335 0.6985 0.232 1
19 -63.5341062 0.272 0.241 0.900 -33.2404 -96.1643 0.332538 0.241 1
20 -60.3850085 0.299 0.340 0.900 -32.9438 -113.056 0.111915 0.340 1
