1 -31.945456 0.324 0.363 0.944 -31.4407 -79.2159 1.39024 0.363 1
2 -33.165449 0.338 0.168 0.889 -31.5828 -54.2676 1.96881 0.168 1
3 -41.713056 0.310 0.397 0.833 -30.4826 -70.3894 2.14874 0.397 1
4 -44.161209 0.304 0.164 0.944 -32.033 -85.0042 2.00831 0.164 1
5 -38.170448 0.307 0.201 0.944 -32.1598 -76.6907 2.34402 0.201 1
6 -42.450436 0.307 0.256 0.944 -31.0409 -56.984 1.90688 0.256 1
7 -49.410606 0.000 0.000 1.000 -32.04 -70.1453 1.99674 0.000 1
8 -33.559085 0.269 0.162 0.944 -31.1756 -63.7817 1.40355 0.162 1
9 -40.384839 0.286 0.208 0.944 -30.5444 -68.4987 1.79101 0.208 1
10 -34.481578 0.335 0.368 0.944 -29.3352 -55.6154 1.70282 0.368 1
11 -49.146506 0.299 0.175 0.889 -32.1601 -66.3897 2.75864 0.175 1
12 -26.370341 0.345 0.395 0.944 -30.5638 -76.1564 1.96039 0.395 1
13 -30.6610249 0.304 0.168 1.000 -31.4929 -69.717 0.730751 0.168 1
14 -32.898194 0.332 0.393 1.000 -31.5813 -62.3548 2.23566 0.393 1
15 -37.156543 0.299 0.187 0.944 -30.8431 -63.1916 1.65507 0.187 1
16 -37.831813 0.299 0.142 0.944 -31.3573 -68.2749 2.62937 0.142 1
17 -32.70655 0.303 0.183 0.944 -30.8381 -63.4355 2.5875 0.183 1
18 -41.533106 0.277 0.365 0.944 -31.7445 -64.9787 3.00524 0.365 1
19 -30.6842812 0.332 0.390 0.889 -31.216 -60.356 0.783188 0.390 1
20 -35.233366 0.300 0.177 0.944 -30.3811 -63.7112 2.30024 0.177 1
