1 -36.078048 0.435 0.189 0.950 -26.04 -65.2381 1.23062 0.189 1
2 -36.6049503 0.400 0.760 0.950 -28.0575 -70.5868 0.885197 0.760 1
3 -36.0453691 0.360 0.225 1.000 -28.4112 -53.5442 0.824509 0.225 1
4 -33.8759365 0.484 0.204 1.000 -26.3175 -52.4817 0.970235 0.204 1
5 -27.7751868 0.419 0.223 0.950 -28.3411 -67.2614 0.665932 0.223 1
6 -29.74892 0.420 0.084 1.000 -27.7328 -66.8878 1.1984 0.084 1
7 -35.952987 0.371 0.496 0.900 -25.7967 -62.8639 1.66373 0.496 1
8 -30.4263246 0.438 0.430 1.000 -26.8935 -71.223 0.563754 0.430 1
9 -40.0180552 0.370 0.143 1.000 -29.0241 -71.8704 0.338148 0.143 1
10 -20.199999 0.351 0.368 1.000 -27.5069 -63.6778 1.68661 0.368 1
11 -37.155554 0.365 0.134 1.000 -29.656 -63.2801 1.99566 0.134 1
12 -34.602244 0.369 0.723 0.950 -26.7385 -69.2913 1.12706 0.723 1
13 -40.093237 0.399 0.398 0.950 -29.3102 -58.699 1.07946 0.398 1
14 -36.101713 0.400 0.224 0.950 -28.4414 -74.4747 1.08457 0.224 1
15 -40.0703722 0.465 0.555 0.950 -26.8414 -59.4138 0.456878 0.555 1
16 -37.253544 0.439 0.369 0.950 -27.8195 -66.4426 0.89646 0.369 1
17 -27.6482903 0.370 0.192 0.950 -28.7933 -65.0296 0.340297 0.192 1
18 -29.6771813 0.368 0.163 0.950 -25.9981 -69.9059 0.367987 0.163 1
19 -30.1384416 0.430 0.144 1.000 -27.7037 -62.4784 0.761884 0.144 1
20 -47.4902702 0.000 0.000 1.000 -28.7876 -71.4997 0.275698 0.000 1
