1 -48.929135 0.387 0.312 1.000 -36.9913 -73.9778 2.89375 0.312 1
2 -53.896536 0.363 0.454 0.952 -34.5642 -77.585 3.04074 0.454 1
3 -72.640747 0.000 0.000 1.000 -37.778 -68.5702 1.49193 0.000 1
4 -63.665636 0.396 0.266 1.000 -35.2297 -89.0725 2.79064 0.266 1
5 -58.312595 0.360 0.504 0.952 -35.0834 -69.4351 2.86835 0.504 1
6 -60.762613 0.401 0.417 1.000 -36.271 -68.9573 2.13647 0.417 1
7 -65.247462 0.383 0.316 0.952 -36.1248 -72.4818 2.20498 0.316 1
8 -52.561589 0.393 0.316 1.000 -35.4553 -69.171 3.04331 0.316 1
9 -63.186246 0.431 0.412 1.000 -33.6173 -124.825 1.69014 0.412 1
10 -60.324444 0.434 0.487 1.000 -36.892 -69.533 1.66506 0.487 1
11 -58.277982 0.370 0.485 0.952 -35.0621 -85.2181 1.61988 0.485 1
12 -68.023975 0.297 0.342 1.000 -35.4076 -69.5284 2.24605 0.342 1
13 -62.793868 0.324 0.313 1.000 -37.033 -76.7476 1.44052 0.313 1
14 -53.703907 0.486 0.460 1.000 -35.6406 -84.8661 2.96723 0.460 1
15 -55.040217 0.396 0.547 0.952 -33.1406 -75.2639 1.44663 0.547 1
16 -56.205408 0.402 0.398 1.000 -35.3393 -100.244 1.17385 0.398 1
17 -63.756474 0.295 0.379 1.000 -35.3365 -78.2732 2.34666 0.379 1
18 -59.515882 0.385 0.496 0.952 -34.697 -72.3988 1.33878 0.496 1
19 -62.667611 0.381 0.380 1.000 -36.1738 -82.8992 2.57929 0.380 1
20 -57.557493 0.373 0.279 1.000 -38.2172 -78.0041 2.78567 0.279 1
