1 -46.3826026 0.319 0.142 0.920 -37.0453 -26.0851 0.668774 0.142 1
2 -43.3778083 0.248 0.088 0.840 -39.0166 -20.4979 0.589337 0.088 1
3 -48.6125157 0.342 0.379 0.920 -39.8422 -17.5733 0.895643 0.379 1
4 -49.3812897 0.298 0.237 0.880 -39.178 -11.3553 0.495403 0.237 1
5 -49.6026909 0.326 0.201 0.880 -39.8968 -19.433 0.455491 0.201 1
6 -47.383775 0.342 0.180 0.800 -37.6806 -24.9418 0.45415 0.180 1
7 -42.1531875 0.323 0.207 0.920 -37.3604 -4.57517 0.518365 0.207 1
8 -49.2419701 0.305 0.189 0.880 -38.9263 -16.475 0.486899 0.189 1
9 -34.6478669 0.321 0.226 0.920 -38.9551 -4.90865 0.562531 0.226 1
10 -42.8396974 0.317 0.266 0.960 -38.2524 -15.0606 0.466626 0.266 1
11 -37.0403949 0.318 0.231 0.840 -37.3698 -20.8168 0.523451 0.231 1
12 -43.5917647 0.327 0.112 0.840 -38.1237 -11.8445 0.516653 0.112 1
13 -53.970526 0.000 0.000 1.000 -38.438 -14.9978 1.02934 0.000 1
14 -51.2602915 0.309 0.212 0.880 -38.111 -7.19924 0.404565 0.212 1
15 -36.590168 0.337 0.179 0.880 -37.7216 -12.2917 1.74212 0.179 1
16 -50.7515875 0.275 0.204 0.840 -37.8463 -25.2695 0.454425 0.204 1
17 -42.607210839 0.309 0.314 0.920 -39.6107 -16.1681 2.42746 0.314 1
18 -40.1352239 0.298 0.258 0.880 -37.0822 -17.2492 0.759951 0.258 1
19 -49.9354044 0.275 0.167 0.880 -37.743 -18.8167 0.569956 0.167 1
20 -46.4898151 0.356 0.174 0.920 -36.7744 -20.6785 0.402049 0.174 1
