1 -56.3330079 0.403 0.468 1.000 -45.7376 -65.8072 0.147021 0.468 1
2 -66.1091682 0.359 0.287 1.000 -45.3446 -73.4845 0.396418 0.287 1
3 -50.408328196 0.385 0.468 1.000 -46.856 -66.3266 9.921804E-02 0.468 1
4 -66.307942476 0.409 0.487 1.000 -46.3626 -63.9837 1.617524E-02 0.487 1
5 -59.461029491 0.402 0.321 1.000 -47.2656 -68.7158 9.370509E-02 0.321 1
6 -51.4478981 0.368 0.317 1.000 -44.5133 -58.4651 0.156419 0.317 1
7 -63.489598729 0.425 0.554 1.000 -48.1308 -70.5075 7.231271E-02 0.554 1
8 -71.437677388 0.000 0.000 1.000 -47.4595 -70.9513 7.302612E-02 0.000 1
9 -57.627235098 0.422 0.444 1.000 -46.6154 -62.2628 4.874902E-02 0.444 1
10 -59.01892929 0.365 0.418 1.000 -47.9215 -68.3421 1.40071E-02 0.418 1
11 -57.496941948 0.423 0.453 1.000 -45.3752 -63.4478 1.853052E-02 0.453 1
12 -56.0869244 0.378 0.403 1.000 -46.0701 -70.2104 0.115756 0.403 1
13 -57.534730183 0.378 0.399 1.000 -47.2179 -81.3216 5.869817E-02 0.399 1
14 -52.5993809 0.373 0.365 0.963 -46.8942 -64.566 0.109491 0.365 1
15 -54.226063867 0.407 0.412 1.000 -46.4742 -68.6016 5.726133E-02 0.412 1
16 -54.8193433235 0.389 0.340 1.000 -47.4876 -66.4322 5.266765E-03 0.340 1
17 -58.932414 0.365 0.379 1.000 -45.8795 -70.7515 0.15736 0.379 1
18 -52.516285614 0.352 0.448 1.000 -44.312 -72.3744 4.424386E-02 0.448 1
19 -64.899613186 0.389 0.255 1.000 -44.9662 -67.3405 2.686814E-02 0.255 1
20 -56.43221411 0.366 0.431 1.000 -45.7172 -62.9224 7.45589E-02 0.431 1
