1 -76.42272 0.583 0.480 0.952 -27.4276 -25.5641 0 0.480 1
2 -76.50318 0.505 0.756 0.952 -27.2339 -25.1909 0 0.756 1
3 -86.68972 0.545 0.918 0.905 -32.2543 -12.3656 0 0.918 1
4 -89.43782 0.494 0.553 1.000 -25.6771 -23.4121 0 0.553 1
5 -92.99568 0.000 0.000 1.000 -28.0156 -27.0969 0 0.000 1
6 -84.22828 0.448 0.544 0.952 -26.029 -27.1009 0 0.544 1
7 -78.03274 0.466 0.514 0.952 -26.6279 -31.2342 0 0.514 1
8 -82.96718 0.474 0.691 0.905 -26.2264 -30.2764 0 0.691 1
9 -77.22086 0.529 0.717 0.905 -25.3841 -32.3203 0 0.717 1
10 -83.26004 0.479 0.611 0.952 -26.1452 -29.6647 0 0.611 1
11 -77.57514 0.443 0.250 0.905 -31.7035 -33.1922 0 0.250 1
12 -83.95246 0.537 0.417 0.857 -29.5992 -35.2528 0 0.417 1
13 -75.26508 0.485 0.444 0.952 -24.1333 -27.6449 0 0.444 1
14 -75.71052 0.495 0.721 0.905 -25.2519 -27.9411 0 0.721 1
15 -72.8611 0.454 0.550 0.905 -26.2818 -25.9155 0 0.550 1
16 -70.68914 0.386 0.499 1.000 -27.6438 -24.8342 0 0.499 1
17 -86.36602 0.473 0.358 1.000 -28.4166 -28.2821 0 0.358 1
18 -83.99422 0.532 0.448 0.905 -26.6862 -32.7346 0 0.448 1
19 -87.90746 0.470 0.340 1.000 -31.2746 -35.2503 0 0.340 1
20 -89.17406 0.454 0.478 0.952 -25.3244 -27.5133 0 0.478 1
