1 -45.7259069 0.412 0.369 0.950 -33.7441 -45.2576 0.305231 0.369 1
2 -45.5403732 0.414 0.451 0.950 -34.0616 -37.7177 0.209368 0.451 1
3 -42.2555827 0.350 0.454 0.950 -33.4148 -33.7427 0.205673 0.454 1
4 -51.3271925 0.432 0.470 0.950 -33.1322 -41.3118 0.522275 0.470 1
5 -43.8794375 0.387 0.211 0.950 -36.2009 -44.7321 0.280525 0.211 1
6 -36.5413315 0.383 0.565 0.950 -32.5768 -36.9215 0.262985 0.565 1
7 -53.5321596 0.000 0.000 1.000 -35.8832 -26.6626 0.134604 0.000 1
8 -41.1702203 0.378 0.577 0.950 -33.1078 -47.3905 0.543197 0.577 1
9 -46.6537675 0.417 0.629 0.950 -32.923 -47.808 1.1225E-02 0.629 1
10 -44.8102859 0.391 0.603 0.950 -33.7338 -44.1697 0.280341 0.603 1
11 -43.1759761 0.323 0.400 0.950 -36.0167 -38.5025 0.134989 0.400 1
12 -37.9275042 0.355 0.392 0.950 -34.1784 -26.8222 0.238358 0.392 1
13 -46.543655701 0.308 0.325 0.900 -33.9927 -40.4858 8.244299E-02 0.325 1
14 -32.701458181 0.355 0.639 0.950 -34.3722 -40.4576 7.531819E-02 0.639 1
15 -47.1450556 0.440 0.455 0.900 -32.8741 -42.4211 0.307744 0.455 1
16 -48.21469 0.355 0.467 0.950 -34.4977 -30.257 0.1001 0.467 1
17 -49.1141122 0.414 0.615 0.950 -33.6933 -45.0685 0.368378 0.615 1
18 -42.0712765 0.364 0.343 0.950 -33.4092 -21.504 0.100935 0.343 1
19 -48.4427237 0.403 0.560 0.950 -32.1958 -50.9272 0.206563 0.560 1
20 -47.9002848 0.393 0.608 0.950 -31.3755 -48.1928 0.102752 0.608 1
