1 -36.7417334 0.302 0.373 0.952 -32.5972 -1.88947 0.742906 0.373 1
2 -42.3719088 0.266 0.238 1.000 -32.1177 1.4509 0.121112 0.238 1
3 -45.0550695 0.301 0.376 0.952 -33.3303 -2.63223 0.349765 0.376 1
4 -49.6097156 0.316 0.496 0.952 -31.7361 -4.26759 0.747024 0.496 1
5 -41.4808617 0.302 0.277 0.952 -32.5473 0.353919 0.701745 0.277 1
6 -39.8556418 0.294 0.274 0.952 -30.6406 -3.36657 0.156522 0.274 1
7 -44.720374 0.326 0.415 0.952 -33.3831 -2.50287 1.374 0.415 1
8 -49.5755448 0.327 0.409 0.952 -32.7131 -0.355464 1.97748 0.409 1
9 -44.859557 0.257 0.390 0.952 -32.4256 -5.22959 2.01661 0.390 1
10 -48.2411189 0.308 0.597 1.000 -33.0666 -2.74767 0.281151 0.597 1
11 -53.8547217 0.000 0.000 1.000 -32.0604 3.67156 0.496663 0.000 1
12 -42.246746 0.305 0.263 0.952 -31.0827 2.64193 0.83868 0.263 1
13 -42.5783191 0.270 0.302 1.000 -31.6363 0.341448 0.419913 0.302 1
14 -48.4909524 0.272 0.262 0.905 -32.0502 -2.04664 0.551756 0.262 1
15 -46.3154741 0.319 0.426 0.952 -33.228 5.72672 0.359819 0.426 1
16 -35.0382002 0.290 0.279 1.000 -32.7204 -5.36668 0.223258 0.279 1
17 -51.329894 0.274 0.381 0.952 -33.1233 4.94318 1.3287 0.381 1
18 -47.9856954 0.322 0.340 1.000 -33.179 -3.65956 0.519166 0.340 1
19 -44.4804159 0.355 0.290 0.952 -32.5215 -3.54849 0.504821 0.290 1
20 -45.5883095 0.319 0.234 0.905 -30.1481 -4.41903 0.219965 0.234 1
