1 -58.0358469 0.000 0.000 1.000 -38.2748 -54.4275 0.229031 0.000 1
2 -46.3587722 0.321 0.439 1.000 -36.7832 -56.9032 0.634478 0.439 1
3 -52.9389005 0.351 0.396 1.000 -36.2495 -52.9912 0.332995 0.396 1
4 -50.412992817 0.368 0.303 1.000 -37.801 -29.9546 4.347183E-02 0.303 1
5 -47.5225423 0.342 0.269 1.000 -35.9268 -42.5946 0.347677 0.269 1
6 -54.7810793 0.295 0.309 1.000 -36.1911 -35.6804 0.109007 0.309 1
7 -57.6604502 0.300 0.481 1.000 -37.4848 -42.2396 0.310698 0.481 1
8 -55.8575155 0.323 0.545 1.000 -36.6827 -44.9616 0.189045 0.545 1
9 -50.906976 0.405 0.390 1.000 -38.9719 -37.3141 0.38054 0.390 1
10 -49.3942714 0.357 0.334 1.000 -35.753 -44.4052 0.143886 0.334 1
11 -46.9969449 0.329 0.325 1.000 -35.7679 -48.6588 0.427751 0.325 1
12 -49.5375728 0.296 0.475 1.000 -37.6586 -48.9903 0.288572 0.475 1
13 -47.331276 0.324 0.412 1.000 -35.7535 -40.9588 0.12154 0.412 1
14 -49.8094707 0.304 0.244 1.000 -37.2101 -54.1053 0.240493 0.244 1
15 -53.6219424 0.339 0.356 1.000 -38.7397 -37.9627 0.280376 0.356 1
16 -51.1678702 0.328 0.240 1.000 -35.9276 -46.8556 0.261298 0.240 1
17 -40.096341 0.351 0.347 1.000 -38.2445 -34.167 0.46919 0.347 1
18 -47.322610668 0.308 0.279 1.000 -36.1282 -51.3815 8.409332E-02 0.279 1
19 -55.537901 0.327 0.301 1.000 -36.3832 -31.5618 0.54559 0.301 1
20 -47.0604005 0.292 0.257 1.000 -37.4325 -42.3559 0.249795 0.257 1
