1 -67.19194 0.449 0.305 1.000 -28.1793 -13.3447 0 0.305 1
2 -62.195278 0.461 0.516 1.000 -29.3245 -9.56089 0 0.516 1
3 -70.64762 0.393 0.217 1.000 -31.4146 -10.9341 0 0.217 1
4 -55.240688 0.437 0.558 1.000 -27.2874 -6.63544 0 0.558 1
5 -56.96526 0.376 0.380 0.944 -26.7906 -15.3188 0 0.380 1
6 -60.857 0.326 0.339 1.000 -31.4478 -12.9555 0 0.339 1
7 -74.9141 0.392 0.302 1.000 -29.2652 -16.5685 0 0.302 1
8 -62.50698 0.450 0.384 1.000 -30.1692 -17.7199 0 0.384 1
9 -69.374748 0.383 0.219 0.944 -29.2983 -9.72874 0 0.219 1
10 -65.907374 0.432 0.525 1.000 -29.3321 -5.76987 0 0.525 1
11 -66.57776 0.415 0.387 1.000 -29.5746 -20.7233 0 0.387 1
12 -67.293362 0.315 0.247 1.000 -32.1515 -0.10181 0 0.247 1
13 -69.3628776 0.410 0.164 1.000 -29.3457 -0.291888 0 0.164 1
14 -65.99178 0.410 0.465 1.000 -29.0715 -11.8454 0 0.465 1
15 -70.76185 0.352 0.410 1.000 -31.3944 -7.67775 0 0.410 1
16 -70.79318 0.443 0.565 1.000 -29.3133 -11.6384 0 0.565 1
17 -74.55424 0.438 0.347 1.000 -29.2879 -5.5092 0 0.347 1
18 -59.41444 0.398 0.330 1.000 -28.4774 -11.8197 0 0.330 1
19 -76.61577 0.000 0.000 1.000 -31.1077 -1.75435 0 0.000 1
20 -70.84236 0.368 0.405 1.000 -29.5263 -16.9758 0 0.405 1
