1 -44.1104964 0.367 nan 0.917 -30.5738 -146.743 0.701036 nan 1
2 -59.4594079 0.350 nan 0.833 -30.1031 -128.991 0.232521 nan 1
3 -43.406703 0.381 nan 0.875 -26.0533 -145.748 0.28497 nan 1
4 -45.235791184 0.292 nan 0.958 -27.5714 -120.056 2.528816E-02 nan 1
5 -58.4900864 0.321 nan 0.833 -33.9089 -149.282 0.617836 nan 1
6 -56.780875 0.352 nan 0.958 -28.669 -149.353 1.50865 nan 1
7 -48.076453 0.364 nan 0.875 -26.8424 -149.762 1.08927 nan 1
8 -43.9484868 0.319 nan 0.917 -26.842 -149.689 0.248132 nan 1
9 -61.4041368 0.325 nan 0.917 -30.128 -145.924 0.758732 nan 1
10 -63.0375344 0.000 nan 1.000 -29.6471 -126.7 0.280456 nan 1
11 -58.595350367 0.338 nan 0.875 -29.5003 -171.9 8.859633E-02 nan 1
12 -53.671162 0.343 nan 1.000 -28.0429 -143.019 0.46218 nan 1
13 -51.9176046 0.346 nan 0.958 -26.9655 -148.172 0.533054 nan 1
14 -42.953442 0.348 nan 0.875 -30.712 -126.741 0.60558 nan 1
15 -48.0699272 0.331 nan 0.958 -25.6712 -144.147 0.215528 nan 1
16 -44.8160573 0.350 nan 0.958 -26.7119 -131.311 0.936527 nan 1
17 -52.1353412 0.372 nan 0.750 -24.5223 -124.445 0.606988 nan 1
18 -56.9983152 0.329 nan 0.958 -27.3391 -136.219 0.150648 nan 1
19 -48.6928765 0.373 nan 0.875 -31.4162 -139.255 0.461235 nan 1
20 -52.270292764 0.368 nan 0.917 -30.878 -154.316 9.517236E-02 nan 1
