1 -75.21125266 0.398 0.951 0.917 -43.5334 -44.935 6.04734E-02 0.951 1
2 -63.9617294858 0.403 1.036 0.875 -42.7106 -39.5654 6.505142E-03 1.036 1
3 -67.7589545 0.407 0.554 0.875 -46.6048 -52.0065 0.173455 0.554 1
4 -60.079226 0.374 0.766 0.875 -45.7926 -42.9988 0.11784 0.766 1
5 -76.98909189 0.342 0.440 0.917 -47.4416 -52.5626 6.62811E-02 0.440 1
6 -70.1959192 0.374 0.373 0.917 -45.9167 -42.581 0.220808 0.373 1
7 -73.2996239 0.381 0.464 0.833 -50.6252 -40.5238 0.231361 0.464 1
8 -64.4813976 0.394 0.967 0.833 -45.6835 -45.8275 0.159224 0.967 1
9 -62.281917 0.391 0.571 0.917 -45.6002 -41.9248 0.13813 0.571 1
10 -74.8483946 0.439 0.477 0.917 -48.7739 -46.672 0.129054 0.477 1
11 -84.2709353 0.000 0.000 1.000 -47.1058 -54.0794 0.112447 0.000 1
12 -69.503038268 0.315 0.672 0.875 -47.9462 -45.2291 4.881732E-02 0.672 1
13 -66.2468292 0.342 0.425 0.958 -46.2359 -43.5945 0.257708 0.425 1
14 -73.5633169 0.381 0.420 0.875 -45.9898 -47.4963 0.274431 0.420 1
15 -82.6275272 0.347 0.416 0.792 -46.1849 -51.2941 0.214928 0.416 1
16 -69.45929486 0.372 0.508 0.917 -46.5792 -48.6851 2.92514E-02 0.508 1
17 -62.425543852 0.378 0.733 0.917 -45.308 -33.5894 6.136148E-02 0.733 1
18 -58.3561311 0.380 1.172 0.833 -41.1953 -41.3402 0.347989 1.172 1
19 -71.647037827 0.419 1.560 0.833 -38.4895 -36.3954 2.242173E-02 1.560 1
20 -63.1876499 0.339 0.161 0.917 -46.2316 -54.9116 0.110901 0.161 1
