1 -29.423496 0.367 0.110 1.000 -20.586 -108.952 1.17504 0.110 1
2 -47.1141826 0.399 0.215 0.900 -25.9473 -109.971 0.647504 0.215 1
3 -40.1797295 0.366 0.409 0.900 -27.1147 -111.034 0.198305 0.409 1
4 -48.01148 0.000 0.000 1.000 -25.7539 -102.561 1.6329 0.000 1
5 -40.313792 0.397 0.210 0.950 -26.298 -107.614 1.26698 0.210 1
6 -41.035108 0.322 0.500 1.000 -24.626 -102.901 1.51342 0.500 1
7 -41.9414505 0.384 0.900 0.800 -27.5254 -83.7273 0.771195 0.900 1
8 -40.075835799 0.305 0.298 1.000 -24.0561 -104.403 9.404201E-02 0.298 1
9 -37.8594981 0.340 0.267 1.000 -27.597 -95.6692 0.420019 0.267 1
10 -42.9533799 0.343 0.250 0.950 -26.881 -110.317 0.331201 0.250 1
11 -35.838468 0.288 0.273 1.000 -22.5548 -104.466 2.10252 0.273 1
12 -36.9773458 0.357 0.189 1.000 -22.8404 -99.9254 0.587442 0.189 1
13 -32.331879 0.326 0.505 0.950 -24.4355 -107.044 1.08321 0.505 1
14 -44.888526 0.311 0.374 0.900 -25.285 -107.4 0.39254 0.374 1
15 -37.4803303 0.353 0.426 1.000 -24.2005 -99.7901 0.848597 0.426 1
16 -27.5868323 0.413 0.388 0.950 -26.2119 -93.456 0.248677 0.388 1
17 -43.0308805 0.361 0.404 0.900 -28.078 -97.2174 0.344895 0.404 1
18 -28.3638388 0.327 0.541 1.000 -21.9524 -107.318 0.601612 0.541 1
19 -37.5141294 0.300 0.197 1.000 -27.422 -104.972 0.737706 0.197 1
20 -41.7370997 0.299 0.707 0.850 -28.6609 -101.63 0.401803 0.707 1
