1 -38.362875 0.291 0.317 0.960 -42.1492 -25.4271 2.27895 0.317 1
2 -37.036699 0.333 0.349 0.920 -41.5066 -38.1652 1.28241 0.349 1
3 -51.5379379 0.339 0.285 0.960 -44.8225 -34.4416 0.449271 0.285 1
4 -40.555284 0.344 0.489 0.920 -43.5022 -14.8957 1.15416 0.489 1
5 -35.153065 0.298 0.324 0.960 -41.8214 -36.6337 1.60075 0.324 1
6 -51.527252 0.328 0.286 0.920 -42.2175 -27.5961 0.93318 0.286 1
7 -50.2588888 0.345 0.281 0.920 -43.2993 -26.3095 0.506312 0.281 1
8 -57.216031 0.327 0.286 0.920 -43.1071 -30.8953 1.62299 0.286 1
9 -50.3371925 0.292 0.318 0.960 -43.0906 -27.0402 0.969175 0.318 1
10 -60.382471 0.000 0.000 1.000 -45.4152 -36.1002 1.25889 0.000 1
11 -48.263563 0.334 0.309 0.960 -44.4188 -33.992 0.57467 0.309 1
12 -56.7886824 0.319 0.239 0.960 -45.3096 -32.49 0.777876 0.239 1
13 -51.3637909 0.311 0.257 0.960 -41.3935 -40.9862 0.290491 0.257 1
14 -48.7297656 0.270 0.240 0.960 -41.7468 -37.973 0.799744 0.240 1
15 -42.8626 0.367 0.293 0.960 -44.0204 -32.0071 1.0373 0.293 1
16 -48.01609 0.324 0.374 0.960 -41.983 -31.7739 1.13181 0.374 1
17 -51.5299834 0.356 0.282 0.920 -40.7891 -34.7601 0.907866 0.282 1
18 -45.3016125 0.320 0.309 0.960 -42.83 -17.8646 0.653075 0.309 1
19 -47.2553782 0.254 0.262 0.960 -46.043 -31.0862 0.981918 0.262 1
20 -40.0172035 0.364 0.263 0.920 -42.8752 -28.3961 0.967365 0.263 1
