1 -76.8576809 0.431 0.272 0.950 -33.6918 -135.803 0.883191 0.272 1
2 -57.2523532 0.394 0.458 0.950 -31.6163 -109.387 0.770868 0.458 1
3 -75.1058235 0.478 0.392 1.000 -31.1108 -95.5507 0.247165 0.392 1
4 -51.9532233 0.369 0.487 0.900 -30.6976 -98.4666 0.659867 0.487 1
5 -70.664315 0.362 0.469 0.950 -30.045 -148.903 0.28885 0.469 1
6 -81.3340457 0.000 0.000 1.000 -33.3155 -148.324 0.126543 0.000 1
7 -57.4233337 0.407 0.306 0.900 -32.9992 -116.618 0.191063 0.306 1
8 -62.2739794 0.409 0.117 1.000 -31.5496 -146.456 0.637006 0.117 1
9 -60.1478674 0.377 0.246 0.900 -30.6427 -109.222 0.266026 0.246 1
10 -64.684997171 0.408 0.194 1.000 -30.0171 -145.943 7.852829E-02 0.194 1
11 -68.0814239 0.415 0.207 0.950 -30.608 -148.749 0.142361 0.207 1
12 -50.933023 0.422 0.185 0.950 -32.0133 -86.5464 1.56707 0.185 1
13 -59.9890773 0.365 0.248 0.950 -31.6473 -111.24 0.959127 0.248 1
14 -50.1969369 0.356 0.245 1.000 -33.7846 -52.1709 0.384931 0.245 1
15 -74.9914835 0.429 0.370 1.000 -32.6451 -137.106 0.138165 0.370 1
16 -63.4429236 0.387 0.425 0.950 -32.6443 -116.813 0.181564 0.425 1
17 -75.610547277 0.418 0.793 0.950 -31.2199 -160.081 9.652723E-02 0.793 1
18 -77.915182778 0.396 0.807 0.900 -27.0245 -206.95 1.387222E-02 0.807 1
19 -61.7739923 0.419 0.390 0.950 -31.7386 -107.743 0.110877 0.390 1
20 -52.2143813 0.371 0.366 0.950 -32.0929 -109.412 0.621587 0.366 1
