1 -66.6500917 0.388 0.378 0.963 -43.3544 -68.8456 0.492083 0.378 1
2 -56.0956706 0.371 0.480 0.926 -44.5305 -52.7938 0.480294 0.480 1
3 -67.6850323 0.357 0.475 0.963 -45.5245 -86.6314 0.751177 0.475 1
4 -59.9670575 0.412 0.387 0.926 -42.9876 -70.8599 0.927025 0.387 1
5 -57.6926652 0.358 0.390 0.926 -41.0117 -59.7505 0.301648 0.390 1
6 -56.4204091 0.420 0.396 1.000 -41.6631 -53.0025 0.158509 0.396 1
7 -70.2110064 0.386 0.291 1.000 -43.7136 -62.5616 0.138136 0.291 1
8 -60.2332964 0.413 0.459 0.963 -41.9024 -64.992 0.183036 0.459 1
9 -74.5293249 0.000 0.000 1.000 -44.3524 -74.7525 0.212751 0.000 1
10 -72.0015645 0.387 0.352 0.963 -46.3762 -72.6391 0.536555 0.352 1
11 -70.61231 0.372 0.384 0.963 -45.8503 -75.6729 0.4503 0.384 1
12 -55.60330955 0.372 0.476 0.926 -42.7009 -65.2525 0.744548 0.476 1
13 -64.2157131 0.411 0.537 0.926 -39.3767 -73.6425 0.213869 0.537 1
14 -68.8080971 0.368 0.349 0.963 -46.5629 -80.0025 0.137429 0.349 1
15 -59.6955643 0.391 0.370 0.963 -43.8663 -68.3738 0.293157 0.370 1
16 -61.2545474 0.382 0.319 0.926 -44.1089 -61.238 0.310726 0.319 1
17 -58.824321 0.352 0.487 0.926 -43.306 -58.6302 0.18669 0.487 1
18 -68.7010354 0.345 0.304 0.963 -45.216 -63.9396 0.116846 0.304 1
19 -61.871323 0.360 0.229 0.926 -44.1692 -50.0252 0.33507 0.229 1
20 -61.548569 0.383 0.405 0.926 -44.0584 -68.0708 0.16831 0.405 1
