1 -76.044523 0.322 0.177 0.900 -29.6483 -206.746 1.40897 0.177 1
2 -81.8526676 0.278 0.237 0.950 -30.3175 -225.679 0.864424 0.237 1
3 -68.7470666 0.326 0.202 0.900 -27.8965 -181.631 0.362334 0.202 1
4 -74.2893449 0.351 0.731 0.950 -34.8813 -157.87 0.517151 0.731 1
5 -73.5117888 0.362 0.134 0.950 -28.7065 -189.28 0.924612 0.134 1
6 -75.940814 0.279 0.238 0.900 -26.8283 -198.684 1.00446 0.238 1
7 -81.855888 0.320 0.442 0.900 -30.0946 -199.218 0.78712 0.442 1
8 -63.328188 0.285 0.288 0.900 -30.4203 -171.963 1.70042 0.288 1
9 -57.464656 0.308 0.224 0.850 -30.5396 -180.116 1.20514 0.224 1
10 -84.197343 0.296 0.396 1.000 -28.0922 -211.018 1.94657 0.396 1
11 -73.247971 0.325 0.345 0.850 -29.001 -174.212 1.61499 0.345 1
12 -65.4665969 0.370 0.663 0.900 -29.3366 -160.079 0.778131 0.663 1
13 -72.2175623 0.323 0.423 0.900 -30.4027 -179.364 0.902277 0.423 1
14 -67.370561 0.308 0.442 0.900 -29.4742 -182.512 0.28659 0.442 1
15 -67.555851 0.338 0.384 0.900 -30.8768 -172.988 0.89619 0.384 1
16 -73.752204 0.297 0.390 0.950 -29.5544 -196.049 1.81106 0.390 1
17 -73.075685 0.330 0.818 0.950 -30.733 -188.089 1.10095 0.818 1
18 -69.8678504 0.323 0.210 0.900 -28.9085 -170.051 0.872896 0.210 1
19 -57.5664106 0.278 0.394 0.900 -34.5513 -148.973 0.744194 0.394 1
20 -89.099836 0.000 0.000 1.000 -30.3379 -215.156 1.03764 0.000 1
