1 -92.20542 0.461 0.402 1.000 -34.8928 -36.1691 0 0.402 1
2 -101.83244 0.000 0.000 1.000 -34.4427 -33.2147 0 0.000 1
3 -88.59414 0.333 0.332 1.000 -35.6183 -36.8037 0 0.332 1
4 -92.93758 0.289 0.239 0.952 -33.1994 -35.3764 0 0.239 1
5 -87.2967 0.305 0.204 1.000 -34.6724 -31.016 0 0.204 1
6 -94.50274 0.323 0.180 0.952 -32.3176 -42.9452 0 0.180 1
7 -96.65406 0.329 0.359 0.952 -34.399 -43.1958 0 0.359 1
8 -93.01144 0.284 0.400 0.905 -35.0278 -32.7147 0 0.400 1
9 -84.21868 0.353 0.339 0.952 -33.9372 -28.8864 0 0.339 1
10 -93.47232 0.420 0.395 0.952 -35.1539 -30.3841 0 0.395 1
11 -79.96922 0.347 0.233 0.952 -33.1568 -27.3946 0 0.233 1
12 -83.5449 0.388 0.449 0.905 -33.4202 -24.093 0 0.449 1
13 -84.30076 0.297 0.347 1.000 -34.868 -31.1663 0 0.347 1
14 -91.26554 0.294 0.261 0.952 -34.7075 -28.5812 0 0.261 1
15 -96.61304 0.351 0.295 0.952 -32.5289 -23.5387 0 0.295 1
16 -85.41576 0.328 0.313 1.000 -33.3458 -42.4698 0 0.313 1
17 -90.71692 0.422 0.274 1.000 -34.1918 -38.4766 0 0.274 1
18 -91.65128 0.265 0.233 0.952 -33.6685 -38.1034 0 0.233 1
19 -90.02928 0.371 0.244 0.952 -34.3699 -38.0709 0 0.244 1
20 -78.9844 0.346 0.468 0.952 -33.5037 -29.012 0 0.468 1
