1 -52.0675388 0.381 0.256 1.000 -37.4988 6.45305 0.128512 0.256 1
2 -64.8873682 0.000 0.000 1.000 -36.2815 2.5035 0.183318 0.000 1
3 -43.64558086 0.334 0.387 1.000 -39.0545 7.8761 7.65914E-02 0.387 1
4 -52.16805026 0.306 0.254 0.889 -37.6924 7.78187 2.97574E-02 0.254 1
5 -44.6698096 0.299 0.230 1.000 -36.8935 1.66436 0.252984 0.230 1
6 -58.4339811 0.364 0.187 1.000 -38.1991 6.50321 0.117769 0.187 1
7 -64.67714775 0.342 0.349 1.000 -39.597 4.93346 7.66025E-02 0.349 1
8 -58.079323113 0.360 0.293 1.000 -38.098 7.91735 7.906887E-02 0.293 1
9 -48.163813599 0.370 0.230 1.000 -38.5592 -9.27001 6.138401E-02 0.230 1
10 -51.1289766 0.353 0.269 1.000 -35.3852 -8.9891 0.158434 0.269 1
11 -53.463702 0.378 0.353 1.000 -34.5633 1.08846 0.21206 0.353 1
12 -53.5075362 0.339 0.234 1.000 -37.9949 5.78457 0.474498 0.234 1
13 -58.2308761 0.343 0.284 1.000 -35.8726 -12.968 0.186239 0.284 1
14 -59.1595821 0.333 0.284 1.000 -37.2774 1.8878 0.187579 0.284 1
15 -55.916972832 0.343 0.234 1.000 -37.9975 3.80668 7.391168E-02 0.234 1
16 -52.357694972 0.285 0.252 1.000 -36.8543 10.103 1.05028E-03 0.252 1
17 -59.6156976 0.359 0.272 1.000 -38.7348 4.06991 0.196204 0.272 1
18 -57.871131113 0.370 0.266 0.944 -39.8039 8.22815 3.438887E-02 0.266 1
19 -53.9604177 0.323 0.164 0.944 -38.107 4.32039 0.107043 0.164 1
20 -53.4640715 0.343 0.279 1.000 -38.5408 8.78186 0.274565 0.279 1
