1 -47.8465371 0.310 0.439 1.000 -28.3145 -66.6615 0.600229 0.439 1
2 -40.86713 0.302 0.228 1.000 -32.4784 -58.4291 1.0633 0.228 1
3 -48.5990181 0.369 0.450 0.938 -31.0575 -60.5739 0.361719 0.450 1
4 -46.951919 0.368 0.486 0.938 -30.5947 -65.5832 1.46911 0.486 1
5 -37.045281 0.311 0.384 0.938 -28.7394 -67.5182 2.82909 0.384 1
6 -41.761558 0.305 0.238 1.000 -30.6028 -55.4656 1.96663 0.238 1
7 -42.084335 0.358 0.408 0.938 -31.3255 -63.6511 1.13165 0.408 1
8 -44.101032 0.353 0.333 1.000 -30.7496 -56.3631 1.27228 0.333 1
9 -43.5360253 0.366 0.276 1.000 -29.0432 -62.3652 0.784447 0.276 1
10 -48.596496 0.326 0.307 1.000 -30.8823 -60.2048 1.56154 0.307 1
11 -46.226917 0.302 0.336 1.000 -28.4758 -55.0036 1.09563 0.336 1
12 -49.509999 0.000 0.000 1.000 -31.0454 -57.8099 1.08111 0.000 1
13 -30.7987114 0.353 0.275 0.938 -30.7981 -45.713 0.735786 0.275 1
14 -40.1128943 0.336 0.355 1.000 -28.8115 -53.7521 0.588807 0.355 1
15 -40.064226 0.317 0.221 1.000 -29.8049 -64.4908 1.31484 0.221 1
16 -34.684749 0.296 0.306 0.938 -29.1649 -60.5973 2.44221 0.306 1
17 -37.162728 0.322 0.411 1.000 -31.8275 -64.15 1.21782 0.411 1
18 -38.212185 0.388 0.303 1.000 -29.0137 -55.1475 1.87965 0.303 1
19 -38.721258 0.274 0.307 1.000 -29.5163 -76.2325 1.62322 0.307 1
20 -34.958646 0.339 0.336 0.938 -30.8135 -67.3182 1.16124 0.336 1
