1 -49.8673891 0.360 0.426 1.000 -25.6008 -109.466 0.552309 0.426 1
2 -38.177930319 0.447 0.385 1.000 -26.7031 -112.322 8.869681E-02 0.385 1
3 -44.538468066 0.455 0.493 1.000 -26.3127 -105.731 6.961934E-02 0.493 1
4 -48.4394663 0.373 0.376 1.000 -24.9605 -105.974 0.205037 0.376 1
5 -46.959831 0.384 0.365 1.000 -26.122 -117.388 1.02319 0.365 1
6 -53.518549133 0.364 0.313 1.000 -27.0498 -113.187 2.900867E-02 0.313 1
7 -45.0522867 0.463 0.408 1.000 -24.0814 -123.248 0.103433 0.408 1
8 -39.0580837 0.433 0.179 1.000 -26.2006 -97.9039 0.207863 0.179 1
9 -46.6455931 0.419 0.163 1.000 -25.1877 -106.113 0.251019 0.163 1
10 -35.6812817 0.379 0.199 1.000 -25.0617 -114.039 0.314183 0.199 1
11 -48.8462537 0.395 0.321 1.000 -25.5551 -123.578 0.366763 0.321 1
12 -43.254008563 0.317 0.297 1.000 -26.6076 -111.274 7.041437E-02 0.297 1
13 -43.8768783 0.372 0.297 1.000 -25.5334 -110.536 0.297617 0.297 1
14 -46.2228641 0.381 0.391 1.000 -25.1801 -114.721 0.198659 0.391 1
15 -52.5472035 0.362 0.383 1.000 -26.0855 -120.453 0.221465 0.383 1
16 -46.773084523 0.384 0.484 1.000 -29.03 -93.4545 8.239477E-02 0.484 1
17 -46.5801319 0.466 0.325 1.000 -24.4697 -115.084 0.126081 0.325 1
18 -42.9190247 0.317 0.231 1.000 -26.5167 -107.218 0.691153 0.231 1
19 -46.947807533 0.416 0.462 1.000 -27.0004 -112.37 9.442467E-02 0.462 1
20 -60.5030691 0.000 0.000 1.000 -27.1026 -123.642 0.345809 0.000 1
