1 -75.03176 0.476 0.240 1.000 -27.3371 -28.8513 0 0.240 1
2 -83.11658 0.459 0.328 1.000 -31.8784 -28.6309 0 0.328 1
3 -80.82464 0.350 0.380 1.000 -30.6611 -32.3702 0 0.380 1
4 -81.16798 0.435 0.288 1.000 -30.0511 -31.8539 0 0.288 1
5 -81.30532 0.455 0.180 1.000 -29.9358 -26.7071 0 0.180 1
6 -89.2815 0.389 0.272 1.000 -31.0917 -26.3595 0 0.272 1
7 -80.99682 0.389 0.276 1.000 -31.4164 -29.2106 0 0.276 1
8 -82.72728 0.365 0.301 1.000 -30.2578 -32.9984 0 0.301 1
9 -87.32932 0.410 0.311 1.000 -28.8535 -26.4321 0 0.311 1
10 -75.10522 0.396 0.283 1.000 -32.2576 -31.1881 0 0.283 1
11 -82.0799 0.385 0.232 1.000 -33.1423 -29.774 0 0.232 1
12 -80.95342 0.440 0.347 1.000 -29.0463 -24.2316 0 0.347 1
13 -88.9453 0.348 0.247 1.000 -32.0962 -28.173 0 0.247 1
14 -79.58034 0.392 0.179 1.000 -29.403 -28.2162 0 0.179 1
15 -89.42052 0.000 0.000 1.000 -30.4249 -24.8481 0 0.000 1
16 -84.4809 0.377 0.220 0.950 -30.7756 -27.1865 0 0.220 1
17 -74.62802 0.446 0.285 1.000 -29.2402 -32.9331 0 0.285 1
18 -80.91012 0.400 0.276 1.000 -30.3234 -24.6091 0 0.276 1
19 -77.4925 0.403 0.229 1.000 -28.782 -25.814 0 0.229 1
20 -73.77898 0.389 0.245 1.000 -30.0668 -30.4664 0 0.245 1
