1 -35.805961 0.343 0.287 1.000 -28.2724 -36.5277 0.7887 0.287 1
2 -57.414225 0.000 0.000 1.000 -28.0808 -38.923 1.10175 0.000 1
3 -36.7146096 0.375 0.233 0.941 -29.4861 -28.057 0.508504 0.233 1
4 -44.5270758 0.376 0.346 1.000 -28.749 -38.002 0.655842 0.346 1
5 -57.0056067 0.319 0.350 0.882 -28.504 -31.0384 0.799733 0.350 1
6 -44.9909177 0.324 0.286 0.941 -28.7111 -31.4 0.593823 0.286 1
7 -39.375988 0.411 0.360 0.941 -29.6762 -39.7746 1.03022 0.360 1
8 -47.250046 0.371 0.390 0.941 -29.3638 -30.9927 1.36194 0.390 1
9 -55.7777747 0.400 0.335 0.941 -29.2598 -27.3686 0.754453 0.335 1
10 -56.115966 0.363 0.328 0.941 -30.7317 -43.4187 1.02574 0.328 1
11 -48.8589447 0.368 0.298 0.941 -28.8767 -38.1353 0.518153 0.298 1
12 -42.5278493 0.349 0.276 0.941 -28.2393 -39.8145 0.805207 0.276 1
13 -52.3934467 0.354 0.335 0.941 -27.7563 -42.1353 0.404133 0.335 1
14 -40.697434 0.355 0.418 0.941 -29.9115 -25.9399 1.29926 0.418 1
15 -48.1854359 0.331 0.186 0.941 -29.9293 -31.072 0.971641 0.186 1
16 -44.8452115 0.373 0.312 0.941 -27.4562 -28.9284 0.723685 0.312 1
17 -45.4241057 0.416 0.280 0.882 -27.7844 -33.8853 0.447543 0.280 1
18 -45.169852 0.370 0.248 0.941 -29.3705 -25.4682 1.66088 0.248 1
19 -50.6811515 0.352 0.286 0.882 -28.6412 -39.5073 0.576085 0.286 1
20 -40.4811041 0.361 0.314 0.941 -30.4059 -42.9149 0.370259 0.314 1
