1 -90.22126 0.360 0.481 0.870 -32.7196 -18.6508 0 0.481 1
2 -93.088 0.454 0.336 0.870 -32.8149 -17.72 0 0.336 1
3 -89.13678 0.383 0.489 0.826 -33.4865 -14.6874 0 0.489 1
4 -101.95744 0.348 0.280 0.913 -31.0653 -25.7497 0 0.280 1
5 -96.59468 0.466 0.570 0.826 -33.7945 -25.5599 0 0.570 1
6 -107.44202 0.000 0.000 1.000 -30.9915 -26.6766 0 0.000 1
7 -90.40616 0.515 0.372 0.913 -32.0539 -20.8583 0 0.372 1
8 -88.55018 0.373 0.466 0.913 -32.8311 -26.7489 0 0.466 1
9 -103.12748 0.401 0.331 0.913 -32.2285 -19.3724 0 0.331 1
10 -94.2838 0.413 0.405 0.870 -30.7832 -22.029 0 0.405 1
11 -95.93604 0.393 0.569 0.870 -33.8414 -29.5382 0 0.569 1
12 -92.98264 0.468 0.494 0.870 -32.8174 -10.7812 0 0.494 1
13 -97.70642 0.439 0.318 0.913 -31.2695 -22.3756 0 0.318 1
14 -98.71424 0.453 0.498 0.870 -30.5286 -23.7607 0 0.498 1
15 -87.7039 0.427 0.638 0.826 -32.6919 -13.262 0 0.638 1
16 -88.6761 0.359 0.412 0.913 -31.7373 -27.628 0 0.412 1
17 -97.2086 0.336 0.356 0.913 -33.7147 -16.608 0 0.356 1
18 -90.34218 0.399 0.350 0.870 -34.5609 -12.5864 0 0.350 1
19 -91.32162 0.531 0.610 0.870 -32.8189 -26.2266 0 0.610 1
20 -87.22086 0.433 0.321 0.913 -30.7885 -25.0938 0 0.321 1
