1 -70.5409809 0.387 0.331 1.000 -49.564 -62.3197 0.226091 0.331 1
2 -71.6662819 0.000 0.000 1.000 -50.26 -59.6031 0.425281 0.000 1
3 -64.3021593 0.317 0.297 1.000 -47.1749 -56.5905 0.519307 0.297 1
4 -57.0396113 0.358 0.258 1.000 -49.4553 -55.0592 0.539587 0.258 1
5 -67.0536282 0.333 0.213 1.000 -50.1837 -58.755 0.314918 0.213 1
6 -60.7183549615 0.356 0.237 1.000 -48.7022 -60.2134 0.25541 0.237 1
7 -66.6051464 0.353 0.170 1.000 -49.132 -52.2857 0.138736 0.170 1
8 -61.1994091 0.360 0.410 1.000 -48.3335 -59.4939 0.307289 0.410 1
9 -67.3218685 0.326 0.406 1.000 -48.9297 -56.1987 0.376915 0.406 1
10 -67.4748561 0.369 0.271 1.000 -46.5203 -57.9817 0.391839 0.271 1
11 -66.2125666 0.370 0.476 1.000 -49.334 -56.0613 0.950134 0.476 1
12 -58.3899842 0.355 0.251 1.000 -50.1139 -58.0599 0.128158 0.251 1
13 -66.5165204 0.346 0.130 1.000 -52.2431 -59.8931 0.465896 0.130 1
14 -55.2442343 0.337 0.408 0.962 -48.0575 -60.3156 0.333957 0.408 1
15 -68.1853368 0.348 0.354 1.000 -50.9633 -59.9541 0.886832 0.354 1
16 -56.9084589 0.330 0.246 1.000 -49.0307 -57.0112 0.268911 0.246 1
17 -60.1326229 0.296 0.299 1.000 -48.6156 -58.4172 0.562781 0.299 1
18 -65.2813275 0.334 0.248 1.000 -48.5187 -52.9224 0.489725 0.248 1
19 -61.9404498 0.309 0.202 1.000 -48.257 -54.3072 0.308302 0.202 1
20 -63.35748208 0.354 0.351 1.000 -50.5401 -64.1633 0.718916 0.351 1
