1 -66.8319061 0.317 0.472 0.957 -35.5926 -148.853 0.661739 0.472 1
2 -61.509319 0.369 0.514 0.957 -35.6396 -108.922 1.31391 0.514 1
3 -66.2942578 0.298 0.271 0.957 -34.206 -164.306 0.883052 0.271 1
4 -67.1776429 0.270 0.442 1.000 -31.6741 -172.185 0.444171 0.442 1
5 -61.6794381 0.351 0.369 0.957 -35.0487 -122.375 0.262119 0.369 1
6 -76.2838155 0.000 0.000 1.000 -34.7917 -158.035 0.665245 0.000 1
7 -60.8333565 0.346 0.427 0.957 -35.488 -138.252 0.577135 0.427 1
8 -55.7945691 0.286 0.392 0.957 -33.5497 -110.065 0.371329 0.392 1
9 -58.93819 0.279 0.336 0.957 -30.8652 -164.458 1.7976 0.336 1
10 -75.4973808 0.271 0.385 1.000 -35.9638 -162.471 0.984792 0.385 1
11 -56.501484 0.374 0.431 0.957 -34.3388 -118.056 1.44566 0.431 1
12 -52.337419 0.330 0.680 0.913 -33.347 -127.104 1.01511 0.680 1
13 -66.4476428 0.273 0.358 0.957 -31.5313 -165.06 0.215572 0.358 1
14 -57.4583612 0.339 0.434 0.957 -32.5279 -130.38 0.237788 0.434 1
15 -57.5501706 0.321 0.389 0.957 -33.6419 -111.673 0.635894 0.389 1
16 -54.010532 0.329 0.504 0.957 -35.8346 -109.741 1.49638 0.504 1
17 -59.822315 0.320 0.408 1.000 -35.6253 -119.574 1.71524 0.408 1
18 -61.3331217 0.329 0.353 1.000 -34.7436 -122.455 0.673283 0.353 1
19 -65.9810193 0.269 0.307 0.957 -34.7388 -131.178 0.409207 0.307 1
20 -54.6335446 0.302 0.375 0.957 -34.2524 -126.282 0.473054 0.375 1
