1 -84.77662 0.406 0.342 0.889 -27.618 -38.8516 0 0.342 1
2 -84.54042 0.353 0.305 0.944 -27.525 -47.9291 0 0.305 1
3 -95.7208 0.000 0.000 1.000 -28.4061 -38.0695 0 0.000 1
4 -79.76866 0.353 0.359 0.889 -28.055 -41.2803 0 0.359 1
5 -93.46118 0.415 0.353 0.889 -28.2365 -38.0634 0 0.353 1
6 -87.6991 0.347 0.399 0.944 -28.0743 -37.596 0 0.399 1
7 -75.61674 0.307 0.257 0.944 -27.6917 -41.0627 0 0.257 1
8 -79.03702 0.392 0.230 0.944 -27.7958 -50.8736 0 0.230 1
9 -83.9372 0.335 0.268 0.944 -28.1339 -42.8165 0 0.268 1
10 -82.00962 0.401 0.519 0.944 -28.7807 -49.1701 0 0.519 1
11 -76.6713 0.405 0.317 1.000 -26.8615 -43.4735 0 0.317 1
12 -87.13148 0.387 0.143 0.944 -25.1888 -38.2484 0 0.143 1
13 -84.23522 0.446 0.169 0.944 -28.4759 -41.2796 0 0.169 1
14 -73.48292 0.359 0.272 1.000 -28.4129 -36.0666 0 0.272 1
15 -74.1958 0.338 0.195 1.000 -29.131 -38.1345 0 0.195 1
16 -74.3065 0.381 0.339 0.889 -29.7146 -41.19 0 0.339 1
17 -74.6086 0.387 0.363 0.944 -28.4642 -31.742 0 0.363 1
18 -74.97148 0.361 0.271 0.944 -28.1171 -39.3099 0 0.271 1
19 -82.3334 0.333 0.332 0.944 -26.5745 -50.2955 0 0.332 1
20 -80.00756 0.362 0.433 0.778 -27.5175 -51.8963 0 0.433 1
