1 -26.2475368 0.390 0.324 1.000 -28.3969 -37.2761 0.128632 0.324 1
2 -39.0622515 0.000 0.000 1.000 -28.1962 -37.4696 0.112485 0.000 1
3 -22.0588611 0.428 0.447 0.933 -28.8115 -12.1055 0.185189 0.447 1
4 -26.3294486 0.325 0.452 1.000 -30.8533 -23.0658 0.176714 0.452 1
5 -15.3991152 0.322 0.266 1.000 -29.1966 -25.1986 0.312048 0.266 1
6 -21.829984696 0.359 0.346 1.000 -29.6011 -14.5976 4.735304E-02 0.346 1
7 -30.1986664 0.372 0.457 1.000 -28.4985 -47.6373 0.174236 0.457 1
8 -28.3161776 0.354 0.460 0.933 -28.5746 -16.6994 0.201324 0.460 1
9 -23.603077761 0.408 0.496 1.000 -28.7541 -24.5642 4.962239E-02 0.496 1
10 -31.3497869 0.399 0.567 1.000 -30.2525 -34.3612 0.176931 0.567 1
11 -25.0212707 0.394 0.426 1.000 -30.1956 -27.3407 0.164693 0.426 1
12 -30.8345967 0.361 0.197 1.000 -28.7449 -45.019 0.159433 0.197 1
13 -27.2252272 0.395 0.420 1.000 -28.1955 -26.1993 0.529428 0.420 1
14 -35.0646391 0.353 0.249 1.000 -29.6212 -35.4328 0.100609 0.249 1
15 -30.55548378 0.378 0.265 1.000 -29.2572 -34.0764 9.18622E-02 0.265 1
16 -32.451402795 0.387 0.395 0.933 -29.2905 -24.8042 1.947205E-02 0.395 1
17 -23.972884177 0.387 0.413 1.000 -29.5675 -9.16411 6.867823E-02 0.413 1
18 -20.3545677 0.358 0.380 0.933 -27.6085 -12.5617 0.152423 0.380 1
19 -27.99522 0.357 0.323 1.000 -28.0669 -29.9985 0.1876 0.323 1
20 -25.539064062 0.387 0.479 1.000 -27.9203 -25.0471 3.985938E-02 0.479 1
