1 -42.029522 0.251 0.238 1.000 -32.5598 -27.1949 2.32198 0.238 1
2 -34.041441 0.234 0.252 1.000 -31.7108 -32.6643 1.64909 0.252 1
3 -34.495991 0.230 0.304 1.000 -33.9619 -33.8189 1.26609 0.304 1
4 -41.397693 0.216 0.138 1.000 -31.819 -23.2368 1.40857 0.138 1
5 -31.680906 0.235 0.236 1.000 -29.739 -32.3736 1.20954 0.236 1
6 -46.4906806 0.000 0.000 1.000 -31.2712 -37.3425 0.375894 0.000 1
7 -27.881913 0.267 0.231 0.944 -27.7434 -30.5245 1.95217 0.231 1
8 -26.824483 0.246 0.242 1.000 -32.4195 -32.3743 1.04177 0.242 1
9 -36.463514 0.226 0.195 1.000 -31.293 -32.3564 2.48566 0.195 1
10 -34.879054 0.250 0.267 1.000 -29.9619 -30.5467 1.40226 0.267 1
11 -30.977796 0.228 0.221 1.000 -32.0776 -29.5022 1.86944 0.221 1
12 -37.794088 0.245 0.284 1.000 -29.9898 -28.3624 1.19232 0.284 1
13 -43.5987436 0.257 0.302 1.000 -33.0283 -37.125 0.746864 0.302 1
14 -39.797747 0.298 0.310 1.000 -32.3337 -32.4774 1.06273 0.310 1
15 -28.8049015 0.274 0.353 1.000 -32.2926 -25.1433 0.667085 0.353 1
16 -32.819091 0.264 0.228 1.000 -31.6701 -33.077 1.66429 0.228 1
17 -32.228338 0.242 0.277 1.000 -32.9356 -34.072 1.92582 0.277 1
18 -27.266626 0.232 0.363 1.000 -31.0887 -36.1848 1.18534 0.363 1
19 -41.473519 0.240 0.189 1.000 -30.9661 -29.1085 1.35931 0.189 1
20 -43.756468 0.240 0.302 1.000 -30.8741 -24.9576 1.30252 0.302 1
