1 -50.434079 0.252 0.313 1.000 -20.5435 -124.715 0.23971 0.313 1
2 -53.4652245 0.270 0.294 1.000 -21.9408 -125.034 0.264755 0.294 1
3 -55.243799 0.335 0.298 1.000 -20.0901 -133.152 0.21641 0.298 1
4 -53.1925963 0.308 0.311 1.000 -21.5537 -126.365 0.326337 0.311 1
5 -49.450339104 0.300 0.291 1.000 -23.948 -131.596 3.639896E-02 0.291 1
6 -62.7581205 0.292 0.315 1.000 -20.892 -133.951 0.182795 0.315 1
7 -47.3256543 0.279 0.239 1.000 -22.188 -124.831 0.195067 0.239 1
8 -50.6918489 0.309 0.346 1.000 -21.5076 -125.849 0.109311 0.346 1
9 -56.45316834 0.306 0.115 1.000 -20.0612 -136.127 4.19166E-02 0.115 1
10 -45.4413004 0.280 0.168 1.000 -22.1747 -126.822 0.123596 0.168 1
11 -56.120073598 0.254 0.114 1.000 -21.9696 -125.857 4.076402E-02 0.114 1
12 -44.3884769 0.351 0.612 0.950 -23.377 -124.185 9.8031E-02 0.612 1
13 -59.8415493 0.303 0.418 1.000 -21.9167 -124.029 0.202507 0.418 1
14 -51.403635 0.307 0.278 1.000 -21.2496 -131.414 0.10935 0.278 1
15 -49.3536163 0.285 0.348 1.000 -22.5193 -115.595 0.183937 0.348 1
16 -64.1502905 0.000 0.000 1.000 -23.1921 -128.825 0.320095 0.000 1
17 -52.432734 0.305 0.277 1.000 -21.0558 -131.442 0.12486 0.277 1
18 -55.7216218 0.338 0.424 1.000 -22.7901 -121.076 0.183082 0.424 1
19 -56.280314 0.263 0.215 1.000 -21.7998 -125.595 0.17116 0.215 1
20 -60.447597244 0.259 0.243 1.000 -20.9543 -136.572 4.002756E-02 0.243 1
