1 -41.9367054 0.277 0.314 0.889 -27.1258 -44.3631 0.816746 0.314 1
2 -40.5812389 0.278 0.267 1.000 -28.3273 -63.7168 0.182461 0.267 1
3 -43.4294347 0.350 0.222 0.944 -28.8734 -50.4493 0.205253 0.222 1
4 -38.9569633 0.338 0.418 0.944 -26.2626 -59.5759 0.286987 0.418 1
5 -32.4818152 0.362 0.406 0.889 -28.7661 -59.2908 0.318148 0.406 1
6 -28.9764914 0.335 0.589 0.778 -25.1339 -51.5473 0.783286 0.589 1
7 -43.1363867 0.332 0.270 0.889 -27.4008 -55.4725 0.140633 0.270 1
8 -40.0759477 0.337 0.473 0.944 -26.1511 -51.0371 0.644423 0.473 1
9 -50.4355461 0.000 0.000 1.000 -26.3219 -54.7978 0.251139 0.000 1
10 -40.305866 0.371 0.354 0.944 -27.4267 -42.2189 1.26904 0.354 1
11 -41.3811708 0.306 0.355 0.944 -28.4281 -61.7004 0.167152 0.355 1
12 -37.0983188 0.338 0.276 0.944 -27.791 -40.2297 0.318812 0.276 1
13 -33.6976382 0.344 0.256 0.889 -28.4469 -51.8078 0.149018 0.256 1
14 -38.5890581 0.330 0.383 0.944 -26.803 -40.5463 0.445519 0.383 1
15 -44.5093325 0.351 0.257 0.889 -29.1894 -53.2168 0.595375 0.257 1
16 -46.6143187 0.324 0.342 0.889 -26.208 -35.9948 0.490413 0.342 1
17 -30.6276906 0.319 0.224 0.889 -27.1201 -46.7965 0.191894 0.224 1
18 -41.348489 0.375 0.361 0.944 -27.4685 -47.1456 1.07671 0.361 1
19 -33.5710878 0.330 0.327 0.889 -26.0343 -44.5466 0.131122 0.327 1
20 -32.3664283 0.377 0.361 0.833 -26.8469 -45.0683 0.634917 0.361 1
