1 -33.757723 0.289 0.353 0.947 -30.7973 -77.7499 1.19857 0.353 1
2 -41.227242 0.215 0.144 0.947 -32.2778 -64.8944 3.07548 0.144 1
3 -30.246311 0.276 0.452 1.000 -31.3315 -66.9638 1.28149 0.452 1
4 -42.310144 0.294 0.425 1.000 -29.7578 -77.4773 1.20806 0.425 1
5 -45.106466 0.252 0.193 1.000 -31.804 -72.5896 1.44684 0.193 1
6 -45.399653 0.244 0.347 0.895 -30.1912 -83.1938 1.42247 0.347 1
7 -36.615804 0.304 0.334 0.895 -30.9591 -66.5097 2.55256 0.334 1
8 -42.357615 0.286 0.436 0.895 -29.9755 -82.0569 1.34515 0.436 1
9 -40.137938 0.274 0.419 1.000 -31.7253 -86.5061 1.09862 0.419 1
10 -48.057337 0.000 0.000 1.000 -32.13 -66.9796 3.34703 0.000 1
11 -42.0899231 0.220 0.247 0.947 -30.5564 -71.9772 0.602169 0.247 1
12 -43.062054 0.225 0.365 0.947 -31.9465 -77.2191 1.36206 0.365 1
13 -30.8658222 0.235 0.190 1.000 -30.8964 -73.3977 0.796178 0.190 1
14 -38.456279 0.270 0.345 0.895 -30.98 -68.3451 1.37911 0.345 1
15 -38.921063 0.241 0.388 0.947 -29.8551 -81.2109 2.32307 0.388 1
16 -44.242139 0.237 0.283 1.000 -32.2359 -78.9698 1.65481 0.283 1
17 -38.371626 0.263 0.259 1.000 -30.8437 -82.9292 1.19534 0.259 1
18 -40.0149226 0.253 0.368 0.895 -29.498 -74.5392 0.602074 0.368 1
19 -36.55414 0.275 0.504 1.000 -32.4581 -78.9097 2.18 0.504 1
20 -29.903057 0.228 0.207 0.895 -32.6065 -63.374 1.78543 0.207 1
