1 -74.854655092 0.321 0.303 0.955 -20.7066 -214.118 6.944908E-02 0.303 1
2 -72.1389955 0.340 0.401 0.955 -20.7848 -223.032 0.163045 0.401 1
3 -79.22894058 0.343 0.406 0.909 -23.1115 -202.379 2.45942E-02 0.406 1
4 -68.228460901 0.288 0.317 1.000 -20.141 -202.817 5.199099E-02 0.317 1
5 -72.4710216 0.336 0.141 0.909 -15.1486 -216.986 0.266784 0.141 1
6 -77.228585184 0.254 0.255 0.955 -18.3714 -214.804 3.614816E-02 0.255 1
7 -67.2133602 0.265 0.269 0.909 -17.9972 -208.911 0.291798 0.269 1
8 -65.0321276 0.308 0.328 0.955 -19.3006 -197.302 0.138224 0.328 1
9 -66.051842 0.369 0.677 0.909 -20.6136 -203.313 1.33718 0.677 1
10 -79.9590474 0.000 0.000 1.000 -20.207 -221.634 0.696526 0.000 1
11 -73.918780746 0.395 0.710 0.909 -18.1512 -212.595 5.819254E-02 0.710 1
12 -70.6425129 0.377 0.630 0.864 -19.4738 -210.812 0.357371 0.630 1
13 -71.5161339 0.359 0.172 0.955 -24.3005 -196.732 0.371961 0.172 1
14 -63.8977624 0.372 0.150 0.955 -17.261 -208.111 0.206076 0.150 1
15 -71.982014 0.334 0.806 0.955 -23.4412 -176.058 1.04486 0.806 1
16 -74.111439769 0.348 0.413 0.909 -19.2624 -207.803 8.160231E-02 0.413 1
17 -69.3606567 0.274 0.213 0.955 -19.2592 -225.219 0.140633 0.213 1
18 -61.7784109952 0.361 0.283 0.955 -19.9076 -207.029 8.400481E-04 0.283 1
19 -59.4343111 0.328 0.240 0.909 -21.3159 -200.876 0.203589 0.240 1
20 -62.179888 0.319 0.333 0.864 -19.1002 -198.931 0.28602 0.333 1
