1 -86.2462 0.331 0.288 1.000 -23.4963 -123.99 0 0.288 1
2 -105.6337 0.399 0.427 0.950 -16.0477 -199.653 0 0.427 1
3 -88.359 0.377 0.225 0.950 -21.9666 -127.029 0 0.225 1
4 -115.2279 0.000 0.000 1.000 -20.0488 -199.789 0 0.000 1
5 -109.366 0.408 0.268 0.950 -25.7852 -151.043 0 0.268 1
6 -103.9089 0.372 0.451 1.000 -25.4495 -127.844 0 0.451 1
7 -99.1921 0.454 0.468 0.900 -25.2822 -128.955 0 0.468 1
8 -98.7895 0.376 0.468 0.950 -20.8876 -124.68 0 0.468 1
9 -104.4082 0.422 0.364 0.950 -23.1938 -136.689 0 0.364 1
10 -108.4922 0.363 0.460 1.000 -19.7538 -184.37 0 0.460 1
11 -112.6884 0.288 0.450 0.950 -24.7799 -135.635 0 0.450 1
12 -96.2993 0.450 0.300 0.950 -22.2255 -111.748 0 0.300 1
13 -100.2246 0.416 0.431 1.000 -18.8087 -201.122 0 0.431 1
14 -91.0939 0.375 0.357 1.000 -23.4337 -135.172 0 0.357 1
15 -93.4902 0.389 0.236 1.000 -23.358 -127.532 0 0.236 1
16 -106.0955 0.390 0.333 1.000 -25.2183 -131.904 0 0.333 1
17 -101.3082 0.385 0.466 0.950 -22.766 -137.783 0 0.466 1
18 -95.1257 0.380 0.274 0.950 -24.7111 -125.141 0 0.274 1
19 -107.6465 0.410 0.404 0.950 -24.2188 -137.672 0 0.404 1
20 -107.3708 0.391 0.439 1.000 -25.8573 -127.167 0 0.439 1
