1 -48.8402581 0.335 0.465 1.000 -30.2388 -19.4926 0.152619 0.465 1
2 -42.507617955 0.312 0.282 1.000 -31.52 -19.1424 6.992045E-02 0.282 1
3 -40.54327706 0.268 0.252 0.947 -29.8153 -29.0542 5.41294E-02 0.252 1
4 -45.942155 0.321 0.243 0.947 -29.8682 -15.7244 2.05125 0.243 1
5 -50.238369 0.273 0.195 1.000 -30.1238 -24.0627 1.08271 0.195 1
6 -45.768508298 0.344 0.298 1.000 -31.7415 -24.5742 1.241702E-02 0.298 1
7 -54.3333359 0.000 0.000 1.000 -31.6338 -24.5914 0.838441 0.000 1
8 -45.83080363 0.352 0.565 0.895 -31.6165 -22.4769 4.32637E-02 0.565 1
9 -38.2428561 0.379 0.331 0.947 -31.2288 -19.9031 0.434139 0.331 1
10 -43.103516113 0.322 0.299 1.000 -29.4371 -25.8017 4.703887E-02 0.299 1
11 -53.7967588 0.286 0.184 0.947 -29.8297 -25.7782 0.122812 0.184 1
12 -45.852985 0.336 0.517 0.895 -31.0214 -20.2097 0.47055 0.517 1
13 -35.769756971 0.349 0.610 0.947 -30.7947 -22.6565 3.764029E-02 0.610 1
14 -52.61237 0.303 0.365 1.000 -30.8297 -26.1952 0.3337 0.365 1
15 -46.9271716 0.337 0.265 1.000 -31.0172 -20.6403 0.420884 0.265 1
16 -39.1500719 0.318 0.210 0.947 -30.8362 -18.1783 0.452881 0.210 1
17 -46.460557 0.352 0.465 1.000 -29.852 -23.8995 1.00043 0.465 1
18 -43.5601589 0.340 0.257 1.000 -30.9451 -20.1199 0.496811 0.257 1
19 -36.0414309 0.418 0.543 0.947 -31.9719 -21.9249 0.991211 0.543 1
20 -36.0414309 0.418 0.543 0.947 -31.9719 -21.9249 0.991211 0.543 1
