1 -74.11354 0.411 0.658 1.000 -23.5915 -76.8222 0 0.658 1
2 -82.92832 0.394 0.359 0.950 -31.8288 -54.7191 0 0.359 1
3 -79.64492 0.393 0.213 1.000 -30.6433 -42.4811 0 0.213 1
4 -78.41486 0.370 0.427 0.950 -27.7795 -28.0773 0 0.427 1
5 -72.39596 0.356 0.472 1.000 -26.1469 -61.3083 0 0.472 1
6 -80.61682 0.417 0.556 0.900 -33.0058 -53.9326 0 0.556 1
7 -87.50314 0.400 0.382 0.950 -28.9274 -87.4902 0 0.382 1
8 -78.53478 0.414 0.698 0.950 -23.2778 -83.3789 0 0.698 1
9 -90.27026 0.377 0.557 0.900 -30.1504 -53.7898 0 0.557 1
10 -81.642 0.416 0.393 0.950 -28.8953 -72.024 0 0.393 1
11 -87.68268 0.421 0.618 0.950 -22.9828 -79.6149 0 0.618 1
12 -81.1901 0.460 0.391 0.900 -28.3405 -20.0385 0 0.391 1
13 -84.10976 0.440 0.656 0.950 -23.3733 -99.2968 0 0.656 1
14 -80.46264 0.408 0.393 0.950 -31.0186 -42.5352 0 0.393 1
15 -93.42634 0.000 0.000 1.000 -31.3998 -42.7727 0 0.000 1
16 -82.68402 0.489 0.477 1.000 -28.4398 -35.9871 0 0.477 1
17 -82.3982 0.441 0.617 0.950 -28.2264 -83.385 0 0.617 1
18 -77.58818 0.424 0.552 1.000 -25.0481 -86.5194 0 0.552 1
19 -72.06164 0.417 0.602 0.950 -22.9536 -76.5642 0 0.602 1
20 -66.97196 0.403 0.410 0.900 -32.5269 -37.1003 0 0.410 1
